0,4	2,4
0,4	10,4
0,4	8,4
0,4	5,4
2,4	5,4
2,4	8,4
2,4	10,4
3,38	131,38
3,38	2604,26
3,38	2282,29
3,38	159,21
3,38	3199,29
3,38	1758,38
3,38	2516,38
3,38	2845,29
3,38	89,38
3,38	966,38
3,38	128,26
3,38	129,26
3,38	2448,29
3,38	1846,29
3,38	279,38
3,38	1650,38
3,38	3084,38
3,38	158,21
3,38	2648,38
3,38	77,29
3,38	252,38
3,38	1772,38
3,38	2281,29
3,38	2576,29
3,38	1654,38
3,38	2252,26
3,38	1653,38
3,38	74,29
3,38	1652,38
3,38	1690,38
3,38	1167,38
3,38	130,26
3,38	1776,26
3,38	127,26
3,38	2772,38
3,38	574,38
3,38	1298,38
3,38	83,29
5,4	10,4
5,4	8,4
8,4	10,4
12,14	2364,14
12,14	33,14
12,14	1036,14
12,14	1807,14
12,14	1443,14
12,14	1294,14
12,14	2140,14
12,14	507,14
12,14	1207,14
12,14	1208,14
12,14	25,14
12,14	1812,14
12,14	1295,14
12,14	1156,14
14,7	3179,7
14,7	1569,7
14,7	18,7
14,7	1567,7
14,7	15,7
14,7	17,7
14,7	3177,7
15,7	18,7
15,7	17,7
15,7	1567,7
15,7	1569,7
15,7	3179,7
15,7	3177,7
17,7	3179,7
17,7	3177,7
17,7	1569,7
17,7	18,7
17,7	1567,7
18,7	1569,7
18,7	3179,7
18,7	3177,7
18,7	1567,7
23,3	1577,3
23,3	971,3
23,3	2348,3
25,14	1207,14
25,14	1812,14
25,14	1807,14
25,14	1156,14
25,14	1295,14
25,14	2140,14
25,14	1036,14
25,14	1443,14
25,14	2364,14
25,14	1294,14
25,14	1208,14
25,14	507,14
25,14	33,14
27,3	2000,3
27,3	72,3
27,3	1999,3
30,12	2191,12
30,12	3599,12
30,12	110,12
30,12	568,12
30,12	517,12
30,12	79,12
30,12	2468,12
30,12	1672,12
30,12	3562,12
30,12	3538,12
30,12	3227,12
30,12	1278,12
32,1	135,1
33,14	1156,14
33,14	1294,14
33,14	1207,14
33,14	1036,14
33,14	1807,14
33,14	507,14
33,14	1208,14
33,14	1295,14
33,14	2364,14
33,14	1443,14
33,14	1812,14
33,14	2140,14
37,1	2087,1
39,21	2570,43
39,21	610,35
39,21	2356,42
39,21	2385,42
39,21	113,21
39,21	2647,21
39,21	902,37
39,21	1618,16
39,21	2479,16
39,21	238,21
39,21	1892,21
39,21	727,35
39,21	2568,43
39,21	3252,21
39,21	483,37
39,21	1325,35
39,21	296,37
39,21	1214,24
39,21	2972,21
39,21	1328,35
39,21	2296,21
72,3	2000,3
72,3	1999,3
74,29	966,38
74,29	2281,29
74,29	1653,38
74,29	574,38
74,29	1654,38
74,29	2516,38
74,29	77,29
74,29	3084,38
74,29	1652,38
74,29	83,29
74,29	89,38
74,29	1772,38
74,29	2648,38
74,29	3199,29
74,29	279,38
74,29	1650,38
74,29	1167,38
74,29	1758,38
74,29	1298,38
74,29	2845,29
74,29	2576,29
74,29	2772,38
74,29	1690,38
74,29	2448,29
74,29	2282,29
74,29	131,38
74,29	1846,29
74,29	252,38
77,29	1654,38
77,29	2772,38
77,29	3084,38
77,29	1167,38
77,29	89,38
77,29	966,38
77,29	131,38
77,29	2281,29
77,29	2576,29
77,29	2648,38
77,29	279,38
77,29	1772,38
77,29	1653,38
77,29	2845,29
77,29	2282,29
77,29	83,29
77,29	1846,29
77,29	2448,29
77,29	1690,38
77,29	252,38
77,29	1758,38
77,29	3199,29
77,29	574,38
77,29	2516,38
77,29	1298,38
77,29	1652,38
77,29	1650,38
79,12	517,12
79,12	3227,12
79,12	3562,12
79,12	2468,12
79,12	2191,12
79,12	1672,12
79,12	568,12
79,12	3538,12
79,12	110,12
79,12	3599,12
79,12	1278,12
82,36	3650,36
82,36	2406,36
82,36	1684,36
82,36	2863,36
82,36	781,36
82,36	1967,36
82,36	1583,36
82,36	378,36
82,36	1069,36
82,36	1593,36
82,36	369,36
82,36	2162,36
82,36	632,36
82,36	1885,36
82,36	1682,36
82,36	1995,36
82,36	631,36
82,36	1810,36
82,36	2270,36
82,36	3618,36
82,36	381,36
82,36	291,36
82,36	1683,36
82,36	2391,36
82,36	259,36
82,36	2488,36
82,36	2001,36
82,36	477,36
82,36	634,36
82,36	374,36
82,36	1906,36
82,36	1641,36
82,36	986,36
82,36	2031,36
82,36	1482,36
82,36	2814,36
83,29	1758,38
83,29	1653,38
83,29	1846,29
83,29	2516,38
83,29	574,38
83,29	3084,38
83,29	1167,38
83,29	1772,38
83,29	89,38
83,29	3199,29
83,29	1650,38
83,29	2845,29
83,29	2772,38
83,29	2448,29
83,29	1298,38
83,29	279,38
83,29	1690,38
83,29	252,38
83,29	966,38
83,29	131,38
83,29	2281,29
83,29	2282,29
83,29	2648,38
83,29	1652,38
83,29	2576,29
83,29	1654,38
86,1	778,1
89,38	131,38
89,38	966,38
89,38	252,38
89,38	130,26
89,38	1653,38
89,38	2282,29
89,38	1298,38
89,38	129,26
89,38	1690,38
89,38	2448,29
89,38	158,21
89,38	128,26
89,38	2772,38
89,38	127,26
89,38	159,21
89,38	1650,38
89,38	1758,38
89,38	3199,29
89,38	2648,38
89,38	1772,38
89,38	1652,38
89,38	2604,26
89,38	1654,38
89,38	2576,29
89,38	3084,38
89,38	574,38
89,38	1776,26
89,38	1167,38
89,38	2516,38
89,38	1846,29
89,38	2845,29
89,38	279,38
89,38	2252,26
89,38	2281,29
91,1	363,1
92,1	1927,1
93,2	197,2
93,2	179,2
96,6	1150,6
96,6	2326,6
96,6	718,6
96,6	621,6
96,6	2524,6
96,6	121,6
97,11	566,11
97,11	1893,20
97,11	1539,11
97,11	137,20
97,11	3253,11
97,11	2570,43
97,11	3395,11
97,11	3338,11
97,11	3561,11
97,11	1102,11
97,11	2568,43
102,24	1500,24
102,24	2839,24
102,24	1153,24
102,24	2129,24
102,24	485,24
102,24	2793,24
102,24	114,24
102,24	2881,24
102,24	3554,24
102,24	426,24
102,24	657,24
102,24	2984,24
102,24	183,24
102,24	800,24
102,24	799,24
102,24	195,24
102,24	797,24
102,24	794,24
102,24	783,24
102,24	2577,24
102,24	708,24
102,24	2507,24
102,24	710,24
102,24	1800,24
110,12	3227,12
110,12	3538,12
110,12	3562,12
110,12	3599,12
110,12	517,12
110,12	1278,12
110,12	2468,12
110,12	1672,12
110,12	2191,12
110,12	568,12
113,21	2385,42
113,21	1618,16
113,21	1214,24
113,21	1328,35
113,21	2570,43
113,21	1325,35
113,21	727,35
113,21	2479,16
113,21	238,21
113,21	610,35
113,21	3252,21
113,21	2972,21
113,21	2296,21
113,21	902,37
113,21	2647,21
113,21	296,37
113,21	2356,42
113,21	2568,43
113,21	1892,21
113,21	483,37
114,24	426,24
114,24	485,24
114,24	799,24
114,24	2577,24
114,24	195,24
114,24	183,24
114,24	800,24
114,24	783,24
114,24	797,24
114,24	2984,24
114,24	657,24
114,24	2839,24
114,24	3554,24
114,24	1153,24
114,24	708,24
114,24	794,24
114,24	1800,24
114,24	2881,24
114,24	1500,24
114,24	2507,24
114,24	2793,24
114,24	2129,24
114,24	710,24
115,2	123,2
115,2	3142,2
121,6	718,6
121,6	2524,6
121,6	1150,6
121,6	621,6
121,6	2326,6
123,2	3142,2
127,26	279,38
127,26	1772,38
127,26	1758,38
127,26	1650,38
127,26	2772,38
127,26	1690,38
127,26	128,26
127,26	129,26
127,26	574,38
127,26	130,26
127,26	3084,38
127,26	1298,38
127,26	1776,26
127,26	252,38
127,26	966,38
127,26	2516,38
127,26	131,38
127,26	2252,26
127,26	2648,38
127,26	2604,26
127,26	1654,38
127,26	1653,38
127,26	1167,38
127,26	1652,38
128,26	1652,38
128,26	1776,26
128,26	574,38
128,26	1772,38
128,26	1758,38
128,26	2772,38
128,26	1690,38
128,26	129,26
128,26	130,26
128,26	131,38
128,26	2648,38
128,26	1654,38
128,26	1653,38
128,26	2604,26
128,26	252,38
128,26	1650,38
128,26	3084,38
128,26	279,38
128,26	2516,38
128,26	2252,26
128,26	1298,38
128,26	966,38
128,26	1167,38
129,26	1772,38
129,26	2252,26
129,26	1776,26
129,26	1652,38
129,26	252,38
129,26	574,38
129,26	1650,38
129,26	130,26
129,26	966,38
129,26	1690,38
129,26	2648,38
129,26	2516,38
129,26	131,38
129,26	2772,38
129,26	1298,38
129,26	279,38
129,26	3084,38
129,26	1654,38
129,26	1758,38
129,26	1167,38
129,26	1653,38
129,26	2604,26
130,26	131,38
130,26	1298,38
130,26	279,38
130,26	1167,38
130,26	3084,38
130,26	1776,26
130,26	1650,38
130,26	574,38
130,26	252,38
130,26	1652,38
130,26	1772,38
130,26	2604,26
130,26	1653,38
130,26	1758,38
130,26	2772,38
130,26	1654,38
130,26	1690,38
130,26	2648,38
130,26	2516,38
130,26	966,38
130,26	2252,26
131,38	2516,38
131,38	158,21
131,38	1167,38
131,38	2648,38
131,38	1772,38
131,38	3199,29
131,38	1690,38
131,38	2252,26
131,38	159,21
131,38	1298,38
131,38	1653,38
131,38	2604,26
131,38	3084,38
131,38	1776,26
131,38	2576,29
131,38	1652,38
131,38	966,38
131,38	1758,38
131,38	279,38
131,38	2845,29
131,38	1846,29
131,38	2772,38
131,38	2281,29
131,38	252,38
131,38	1650,38
131,38	1654,38
131,38	574,38
131,38	2448,29
131,38	2282,29
137,20	1102,11
137,20	2568,43
137,20	3395,11
137,20	3338,11
137,20	483,37
137,20	1893,20
137,20	2356,42
137,20	1328,35
137,20	727,35
137,20	3253,11
137,20	566,11
137,20	1325,35
137,20	296,37
137,20	3561,11
137,20	902,37
137,20	2570,43
137,20	1539,11
137,20	610,35
137,20	2385,42
140,29	830,29
140,29	1922,29
140,29	2537,29
140,29	829,29
140,29	828,29
140,29	3212,29
140,29	827,29
140,29	833,29
140,29	1921,29
140,29	826,29
140,29	2092,29
140,29	825,29
140,29	3214,60
140,29	1915,29
140,29	824,29
140,29	1239,60
140,29	823,29
140,29	1693,29
140,29	822,29
140,29	1918,29
140,29	1919,29
140,29	3215,29
140,29	837,29
140,29	835,60
140,29	1917,29
140,29	838,29
140,29	834,29
140,29	832,29
140,29	831,29
141,4	152,4
141,4	153,4
141,4	1160,4
141,4	150,4
150,4	153,4
150,4	152,4
150,4	1160,4
152,4	153,4
152,4	1160,4
153,4	1160,4
155,1	1586,1
158,21	2648,38
158,21	159,21
158,21	1690,38
158,21	1758,38
158,21	279,38
158,21	1654,38
158,21	1298,38
158,21	1652,38
158,21	3084,38
158,21	1772,38
158,21	966,38
158,21	1653,38
158,21	2516,38
158,21	252,38
158,21	1650,38
158,21	1167,38
158,21	2772,38
158,21	574,38
159,21	2648,38
159,21	252,38
159,21	3084,38
159,21	1652,38
159,21	966,38
159,21	574,38
159,21	1772,38
159,21	1650,38
159,21	1298,38
159,21	1654,38
159,21	1690,38
159,21	279,38
159,21	2772,38
159,21	1167,38
159,21	2516,38
159,21	1758,38
159,21	1653,38
170,10	347,10
170,10	2133,10
170,10	2681,10
170,10	3638,10
170,10	3242,10
170,10	1853,10
170,10	1131,10
170,10	2453,10
170,10	255,10
170,10	371,10
179,2	197,2
181,26	2669,26
181,26	1204,26
181,26	684,26
181,26	687,26
181,26	688,26
181,26	681,26
181,26	678,26
181,26	690,26
181,26	871,26
181,26	691,26
181,26	692,26
181,26	1059,26
181,26	1060,26
181,26	693,26
181,26	694,26
181,26	695,26
181,26	342,26
181,26	1267,26
181,26	1266,26
181,26	1062,26
181,26	1264,26
181,26	696,26
181,26	697,26
181,26	699,26
181,26	701,26
181,26	1493,26
183,24	3554,24
183,24	426,24
183,24	657,24
183,24	1153,24
183,24	783,24
183,24	195,24
183,24	794,24
183,24	1500,24
183,24	2793,24
183,24	708,24
183,24	2507,24
183,24	710,24
183,24	799,24
183,24	2839,24
183,24	2577,24
183,24	485,24
183,24	1800,24
183,24	797,24
183,24	2129,24
183,24	800,24
183,24	2881,24
183,24	2984,24
185,1	3515,1
186,5	1771,5
186,5	1740,5
186,5	1739,5
186,5	1106,5
186,5	1616,5
190,2	3123,2
190,2	313,2
195,24	2881,24
195,24	1800,24
195,24	3554,24
195,24	1500,24
195,24	1153,24
195,24	2129,24
195,24	800,24
195,24	799,24
195,24	797,24
195,24	794,24
195,24	783,24
195,24	2507,24
195,24	710,24
195,24	708,24
195,24	2577,24
195,24	2984,24
195,24	657,24
195,24	426,24
195,24	2793,24
195,24	485,24
195,24	2839,24
199,6	2769,6
199,6	921,6
199,6	920,6
199,6	919,6
199,6	3262,6
199,6	645,6
200,1	2264,1
209,9	1815,9
209,9	1479,9
209,9	2955,9
209,9	3194,9
209,9	3192,9
209,9	2304,9
209,9	2032,9
209,9	3193,9
209,9	2859,9
218,6	553,6
218,6	538,6
218,6	552,6
218,6	223,6
218,6	551,6
218,6	2655,6
223,6	553,6
223,6	2655,6
223,6	552,6
223,6	551,6
223,6	538,6
237,14	329,14
237,14	730,14
237,14	324,14
237,14	325,14
237,14	327,14
237,14	322,14
237,14	721,14
237,14	328,14
237,14	723,14
237,14	724,14
237,14	330,14
237,14	321,14
237,14	323,14
237,14	326,14
238,21	610,35
238,21	1325,35
238,21	2647,21
238,21	2570,43
238,21	2568,43
238,21	3252,21
238,21	2296,21
238,21	902,37
238,21	1618,16
238,21	2479,16
238,21	296,37
238,21	2385,42
238,21	1892,21
238,21	1214,24
238,21	2972,21
238,21	727,35
238,21	483,37
238,21	1328,35
238,21	2356,42
247,7	3545,7
247,7	3136,7
247,7	640,7
247,7	3492,7
247,7	2342,7
247,7	1363,7
247,7	767,7
249,2	3032,2
249,2	2198,2
252,38	574,38
252,38	2281,29
252,38	1298,38
252,38	2282,29
252,38	966,38
252,38	1167,38
252,38	1650,38
252,38	2576,29
252,38	279,38
252,38	2845,29
252,38	1758,38
252,38	1846,29
252,38	3084,38
252,38	1652,38
252,38	1772,38
252,38	2604,26
252,38	1653,38
252,38	2448,29
252,38	2772,38
252,38	1776,26
252,38	1690,38
252,38	2252,26
252,38	1654,38
252,38	2516,38
252,38	3199,29
252,38	2648,38
255,10	1131,10
255,10	2681,10
255,10	2453,10
255,10	3638,10
255,10	347,10
255,10	1853,10
255,10	371,10
255,10	3242,10
255,10	2133,10
257,2	299,2
257,2	2598,2
259,36	2814,36
259,36	1810,36
259,36	631,36
259,36	3618,36
259,36	632,36
259,36	477,36
259,36	1885,36
259,36	634,36
259,36	2162,36
259,36	2270,36
259,36	1995,36
259,36	1684,36
259,36	3650,36
259,36	374,36
259,36	2001,36
259,36	378,36
259,36	1683,36
259,36	1682,36
259,36	381,36
259,36	1906,36
259,36	1583,36
259,36	369,36
259,36	1069,36
259,36	2863,36
259,36	2031,36
259,36	2488,36
259,36	781,36
259,36	1641,36
259,36	1593,36
259,36	2391,36
259,36	2406,36
259,36	291,36
259,36	1967,36
259,36	1482,36
259,36	986,36
264,3	1448,3
264,3	2762,3
264,3	1201,3
272,3	273,3
272,3	813,3
272,3	2237,3
273,3	813,3
273,3	2237,3
275,20	862,20
275,20	519,20
275,20	855,20
275,20	3512,20
275,20	521,20
275,20	469,20
275,20	511,20
275,20	2615,20
275,20	514,20
275,20	2128,20
275,20	861,20
275,20	1033,20
275,20	1370,20
275,20	3272,20
275,20	1032,20
275,20	2750,20
275,20	2691,20
275,20	2690,20
275,20	516,20
275,20	2469,20
279,38	1846,29
279,38	1652,38
279,38	1167,38
279,38	966,38
279,38	1772,38
279,38	2516,38
279,38	2281,29
279,38	1758,38
279,38	2845,29
279,38	1298,38
279,38	2576,29
279,38	2604,26
279,38	2282,29
279,38	1654,38
279,38	2448,29
279,38	1650,38
279,38	3199,29
279,38	2252,26
279,38	1690,38
279,38	2648,38
279,38	2772,38
279,38	1776,26
279,38	574,38
279,38	3084,38
279,38	1653,38
291,36	1906,36
291,36	374,36
291,36	1810,36
291,36	1995,36
291,36	2863,36
291,36	634,36
291,36	3650,36
291,36	1885,36
291,36	477,36
291,36	2406,36
291,36	1069,36
291,36	381,36
291,36	1682,36
291,36	632,36
291,36	986,36
291,36	2031,36
291,36	3618,36
291,36	2488,36
291,36	781,36
291,36	1967,36
291,36	2814,36
291,36	1641,36
291,36	1482,36
291,36	1593,36
291,36	1583,36
291,36	1684,36
291,36	2391,36
291,36	631,36
291,36	378,36
291,36	2001,36
291,36	1683,36
291,36	2270,36
291,36	2162,36
291,36	369,36
296,37	2095,23
296,37	1214,24
296,37	1038,23
296,37	913,23
296,37	902,37
296,37	2296,21
296,37	1323,15
296,37	3252,21
296,37	1325,35
296,37	1327,15
296,37	1328,35
296,37	2356,42
296,37	1334,11
296,37	1425,23
296,37	2385,42
296,37	2479,16
296,37	1544,15
296,37	1545,15
296,37	1546,15
296,37	727,35
296,37	1618,16
296,37	2568,43
296,37	2570,43
296,37	2647,21
296,37	1893,20
296,37	2743,23
296,37	1892,21
296,37	2972,21
296,37	483,37
296,37	610,35
296,37	1781,12
296,37	1782,12
296,37	3664,23
299,2	2598,2
304,3	306,3
304,3	3604,3
304,3	2636,3
306,3	3604,3
306,3	2636,3
307,33	922,33
307,33	924,33
307,33	925,33
307,33	1239,60
307,33	3138,33
307,33	1573,33
307,33	3135,33
307,33	2554,33
307,33	310,33
307,33	2376,33
307,33	3139,33
307,33	1644,33
307,33	1645,33
307,33	1646,33
307,33	2907,33
307,33	1647,33
307,33	1649,33
307,33	3387,33
307,33	980,33
307,33	979,33
307,33	978,33
307,33	3031,33
307,33	977,33
307,33	975,33
307,33	835,60
307,33	850,33
307,33	851,33
307,33	853,33
307,33	3230,33
307,33	854,33
307,33	1731,33
307,33	3214,60
307,33	2979,33
310,33	3139,33
310,33	1646,33
310,33	922,33
310,33	1647,33
310,33	3230,33
310,33	3138,33
310,33	1573,33
310,33	2376,33
310,33	1239,60
310,33	2554,33
310,33	853,33
310,33	851,33
310,33	850,33
310,33	835,60
310,33	925,33
310,33	2907,33
310,33	3214,60
310,33	975,33
310,33	977,33
310,33	3031,33
310,33	2979,33
310,33	978,33
310,33	1731,33
310,33	3135,33
310,33	854,33
310,33	979,33
310,33	1644,33
310,33	3387,33
310,33	1645,33
310,33	980,33
310,33	924,33
310,33	1649,33
313,2	3123,2
318,1	2331,1
321,14	322,14
321,14	723,14
321,14	721,14
321,14	328,14
321,14	330,14
321,14	326,14
321,14	323,14
321,14	324,14
321,14	329,14
321,14	325,14
321,14	730,14
321,14	327,14
321,14	724,14
322,14	326,14
322,14	721,14
322,14	329,14
322,14	723,14
322,14	327,14
322,14	730,14
322,14	330,14
322,14	324,14
322,14	328,14
322,14	724,14
322,14	323,14
322,14	325,14
323,14	326,14
323,14	330,14
323,14	730,14
323,14	324,14
323,14	328,14
323,14	327,14
323,14	325,14
323,14	721,14
323,14	724,14
323,14	723,14
323,14	329,14
324,14	330,14
324,14	724,14
324,14	721,14
324,14	327,14
324,14	329,14
324,14	730,14
324,14	326,14
324,14	328,14
324,14	325,14
324,14	723,14
325,14	330,14
325,14	329,14
325,14	327,14
325,14	721,14
325,14	730,14
325,14	328,14
325,14	723,14
325,14	724,14
325,14	326,14
326,14	329,14
326,14	330,14
326,14	327,14
326,14	723,14
326,14	724,14
326,14	721,14
326,14	730,14
326,14	328,14
327,14	329,14
327,14	330,14
327,14	721,14
327,14	723,14
327,14	328,14
327,14	724,14
327,14	730,14
328,14	330,14
328,14	730,14
328,14	721,14
328,14	329,14
328,14	723,14
328,14	724,14
329,14	730,14
329,14	724,14
329,14	723,14
329,14	721,14
329,14	330,14
330,14	721,14
330,14	724,14
330,14	723,14
330,14	730,14
331,2	337,2
331,2	2860,2
337,2	2860,2
342,26	1059,26
342,26	1060,26
342,26	688,26
342,26	1267,26
342,26	1266,26
342,26	1264,26
342,26	1062,26
342,26	690,26
342,26	691,26
342,26	1204,26
342,26	692,26
342,26	693,26
342,26	871,26
342,26	694,26
342,26	695,26
342,26	687,26
342,26	696,26
342,26	697,26
342,26	699,26
342,26	678,26
342,26	681,26
342,26	684,26
342,26	1493,26
342,26	701,26
342,26	2669,26
347,10	2453,10
347,10	371,10
347,10	1853,10
347,10	2133,10
347,10	2681,10
347,10	3638,10
347,10	1131,10
347,10	3242,10
358,5	1142,5
358,5	1143,5
358,5	1137,5
358,5	1141,5
358,5	1140,5
364,9	1636,9
364,9	709,9
364,9	3428,9
364,9	1767,9
364,9	1199,9
364,9	1200,9
364,9	2592,9
364,9	531,9
364,9	2959,9
369,36	2863,36
369,36	634,36
369,36	1995,36
369,36	381,36
369,36	1885,36
369,36	1683,36
369,36	1682,36
369,36	477,36
369,36	632,36
369,36	1906,36
369,36	631,36
369,36	3618,36
369,36	1810,36
369,36	986,36
369,36	2814,36
369,36	378,36
369,36	2162,36
369,36	781,36
369,36	3650,36
369,36	2001,36
369,36	374,36
369,36	1641,36
369,36	1593,36
369,36	1583,36
369,36	2488,36
369,36	2391,36
369,36	2406,36
369,36	1967,36
369,36	2031,36
369,36	1069,36
369,36	1684,36
369,36	1482,36
369,36	2270,36
371,10	1853,10
371,10	3242,10
371,10	2681,10
371,10	3638,10
371,10	2453,10
371,10	2133,10
371,10	1131,10
374,36	1810,36
374,36	3650,36
374,36	3618,36
374,36	378,36
374,36	381,36
374,36	477,36
374,36	2863,36
374,36	2814,36
374,36	631,36
374,36	632,36
374,36	634,36
374,36	2488,36
374,36	2406,36
374,36	2391,36
374,36	781,36
374,36	2270,36
374,36	986,36
374,36	2162,36
374,36	1069,36
374,36	2031,36
374,36	2001,36
374,36	1995,36
374,36	1967,36
374,36	1482,36
374,36	1583,36
374,36	1593,36
374,36	1641,36
374,36	1906,36
374,36	1682,36
374,36	1683,36
374,36	1684,36
374,36	1885,36
378,36	381,36
378,36	1995,36
378,36	1482,36
378,36	1683,36
378,36	1069,36
378,36	2406,36
378,36	1684,36
378,36	1906,36
378,36	631,36
378,36	1593,36
378,36	2863,36
378,36	634,36
378,36	1641,36
378,36	986,36
378,36	632,36
378,36	1885,36
378,36	2270,36
378,36	3650,36
378,36	2391,36
378,36	477,36
378,36	2488,36
378,36	781,36
378,36	1682,36
378,36	1967,36
378,36	1583,36
378,36	2162,36
378,36	2031,36
378,36	2814,36
378,36	2001,36
378,36	3618,36
378,36	1810,36
381,36	1069,36
381,36	1885,36
381,36	2001,36
381,36	3618,36
381,36	1593,36
381,36	2162,36
381,36	2031,36
381,36	2488,36
381,36	1641,36
381,36	1967,36
381,36	1995,36
381,36	2406,36
381,36	2814,36
381,36	1906,36
381,36	2863,36
381,36	1583,36
381,36	631,36
381,36	2391,36
381,36	2270,36
381,36	1810,36
381,36	632,36
381,36	1682,36
381,36	477,36
381,36	1683,36
381,36	634,36
381,36	3650,36
381,36	1684,36
381,36	1482,36
381,36	781,36
381,36	986,36
388,10	3375,10
388,10	2241,10
388,10	2238,10
388,10	389,10
388,10	547,10
388,10	1453,10
388,10	2240,10
388,10	1454,10
388,10	1911,10
388,10	1452,10
389,10	1453,10
389,10	1454,10
389,10	3375,10
389,10	2241,10
389,10	2240,10
389,10	1911,10
389,10	2238,10
389,10	547,10
389,10	1452,10
393,42	404,42
393,42	764,54
393,42	946,50
393,42	399,42
393,42	1499,50
393,42	402,42
393,42	3150,50
393,42	406,42
393,42	685,42
393,42	772,53
393,42	535,53
393,42	752,42
393,42	686,42
393,42	394,42
393,42	559,54
393,42	397,42
393,42	2684,50
393,42	1894,42
393,42	771,54
393,42	403,42
393,42	2341,50
393,42	396,42
393,42	2010,42
393,42	1896,42
393,42	770,53
393,42	765,54
393,42	2233,50
393,42	2402,53
393,42	950,50
393,42	2403,50
393,42	3384,50
393,42	763,54
393,42	398,42
393,42	407,42
393,42	768,53
393,42	409,42
393,42	405,42
393,42	766,53
393,42	395,42
393,42	751,42
393,42	753,42
393,42	698,61
394,42	766,53
394,42	559,54
394,42	950,50
394,42	396,42
394,42	753,42
394,42	946,50
394,42	752,42
394,42	404,42
394,42	535,53
394,42	2233,50
394,42	398,42
394,42	751,42
394,42	763,54
394,42	395,42
394,42	405,42
394,42	2341,50
394,42	397,42
394,42	406,42
394,42	3150,50
394,42	399,42
394,42	764,54
394,42	1499,50
394,42	402,42
394,42	685,42
394,42	772,53
394,42	686,42
394,42	407,42
394,42	2684,50
394,42	403,42
394,42	1894,42
394,42	771,54
394,42	2010,42
394,42	1896,42
394,42	770,53
394,42	765,54
394,42	2402,53
394,42	768,53
394,42	2403,50
394,42	409,42
394,42	698,61
394,42	3384,50
395,42	405,42
395,42	1894,42
395,42	698,61
395,42	404,42
395,42	2402,53
395,42	753,42
395,42	2403,50
395,42	1896,42
395,42	764,54
395,42	950,50
395,42	398,42
395,42	768,53
395,42	752,42
395,42	686,42
395,42	409,42
395,42	559,54
395,42	2341,50
395,42	3384,50
395,42	402,42
395,42	397,42
395,42	772,53
395,42	766,53
395,42	535,53
395,42	2684,50
395,42	407,42
395,42	763,54
395,42	403,42
395,42	399,42
395,42	685,42
395,42	771,54
395,42	751,42
395,42	770,53
395,42	2233,50
395,42	3150,50
395,42	1499,50
395,42	2010,42
395,42	765,54
395,42	406,42
395,42	946,50
395,42	396,42
396,42	406,42
396,42	2402,53
396,42	399,42
396,42	764,54
396,42	1896,42
396,42	405,42
396,42	770,53
396,42	2233,50
396,42	2010,42
396,42	2684,50
396,42	752,42
396,42	2341,50
396,42	398,42
396,42	397,42
396,42	409,42
396,42	766,53
396,42	559,54
396,42	403,42
396,42	1894,42
396,42	686,42
396,42	2403,50
396,42	771,54
396,42	950,50
396,42	768,53
396,42	753,42
396,42	698,61
396,42	402,42
396,42	3384,50
396,42	763,54
396,42	772,53
396,42	404,42
396,42	765,54
396,42	946,50
396,42	535,53
396,42	1499,50
396,42	685,42
396,42	3150,50
396,42	751,42
396,42	407,42
397,42	403,42
397,42	686,42
397,42	772,53
397,42	751,42
397,42	763,54
397,42	2233,50
397,42	2341,50
397,42	398,42
397,42	409,42
397,42	950,50
397,42	2403,50
397,42	768,53
397,42	698,61
397,42	559,54
397,42	765,54
397,42	2402,53
397,42	3150,50
397,42	535,53
397,42	753,42
397,42	406,42
397,42	399,42
397,42	404,42
397,42	770,53
397,42	2010,42
397,42	1896,42
397,42	752,42
397,42	405,42
397,42	407,42
397,42	764,54
397,42	3384,50
397,42	1499,50
397,42	946,50
397,42	402,42
397,42	1894,42
397,42	771,54
397,42	766,53
397,42	685,42
397,42	2684,50
398,42	764,54
398,42	406,42
398,42	535,53
398,42	772,53
398,42	766,53
398,42	3150,50
398,42	753,42
398,42	2402,53
398,42	405,42
398,42	2684,50
398,42	1499,50
398,42	698,61
398,42	1894,42
398,42	685,42
398,42	950,50
398,42	768,53
398,42	946,50
398,42	686,42
398,42	402,42
398,42	765,54
398,42	2403,50
398,42	752,42
398,42	403,42
398,42	409,42
398,42	771,54
398,42	3384,50
398,42	1896,42
398,42	2233,50
398,42	770,53
398,42	2010,42
398,42	404,42
398,42	2341,50
398,42	559,54
398,42	399,42
398,42	407,42
398,42	763,54
398,42	751,42
399,42	405,42
399,42	763,54
399,42	2233,50
399,42	2341,50
399,42	3150,50
399,42	535,53
399,42	3384,50
399,42	406,42
399,42	403,42
399,42	766,53
399,42	1499,50
399,42	752,42
399,42	402,42
399,42	946,50
399,42	764,54
399,42	685,42
399,42	772,53
399,42	686,42
399,42	753,42
399,42	2684,50
399,42	771,54
399,42	1894,42
399,42	404,42
399,42	559,54
399,42	950,50
399,42	1896,42
399,42	770,53
399,42	2010,42
399,42	765,54
399,42	2402,53
399,42	698,61
399,42	768,53
399,42	2403,50
399,42	409,42
399,42	407,42
399,42	751,42
402,42	559,54
402,42	407,42
402,42	764,54
402,42	404,42
402,42	950,50
402,42	1499,50
402,42	1894,42
402,42	766,53
402,42	409,42
402,42	946,50
402,42	686,42
402,42	2403,50
402,42	405,42
402,42	2233,50
402,42	763,54
402,42	768,53
402,42	698,61
402,42	753,42
402,42	3150,50
402,42	752,42
402,42	2684,50
402,42	2402,53
402,42	3384,50
402,42	685,42
402,42	765,54
402,42	535,53
402,42	2010,42
402,42	406,42
402,42	772,53
402,42	770,53
402,42	1896,42
402,42	751,42
402,42	2341,50
402,42	771,54
402,42	403,42
403,42	764,54
403,42	752,42
403,42	559,54
403,42	2684,50
403,42	685,42
403,42	765,54
403,42	771,54
403,42	535,53
403,42	766,53
403,42	1894,42
403,42	950,50
403,42	404,42
403,42	1896,42
403,42	770,53
403,42	406,42
403,42	1499,50
403,42	753,42
403,42	2402,53
403,42	3150,50
403,42	698,61
403,42	2233,50
403,42	768,53
403,42	763,54
403,42	409,42
403,42	2403,50
403,42	2010,42
403,42	407,42
403,42	3384,50
403,42	2341,50
403,42	751,42
403,42	405,42
403,42	772,53
403,42	946,50
403,42	686,42
404,42	409,42
404,42	751,42
404,42	950,50
404,42	763,54
404,42	768,53
404,42	1499,50
404,42	946,50
404,42	685,42
404,42	2233,50
404,42	698,61
404,42	3150,50
404,42	2402,53
404,42	2684,50
404,42	772,53
404,42	766,53
404,42	686,42
404,42	406,42
404,42	770,53
404,42	405,42
404,42	752,42
404,42	1894,42
404,42	765,54
404,42	771,54
404,42	3384,50
404,42	407,42
404,42	2341,50
404,42	2403,50
404,42	535,53
404,42	2010,42
404,42	559,54
404,42	1896,42
404,42	764,54
404,42	753,42
405,42	766,53
405,42	559,54
405,42	751,42
405,42	406,42
405,42	686,42
405,42	1896,42
405,42	770,53
405,42	771,54
405,42	752,42
405,42	764,54
405,42	2233,50
405,42	685,42
405,42	2402,53
405,42	2684,50
405,42	698,61
405,42	3150,50
405,42	768,53
405,42	772,53
405,42	763,54
405,42	409,42
405,42	950,50
405,42	2403,50
405,42	2010,42
405,42	2341,50
405,42	753,42
405,42	3384,50
405,42	765,54
405,42	946,50
405,42	407,42
405,42	1894,42
405,42	1499,50
405,42	535,53
406,42	946,50
406,42	3384,50
406,42	2684,50
406,42	1499,50
406,42	407,42
406,42	2233,50
406,42	409,42
406,42	753,42
406,42	770,53
406,42	771,54
406,42	1894,42
406,42	535,53
406,42	2403,50
406,42	686,42
406,42	2402,53
406,42	766,53
406,42	685,42
406,42	698,61
406,42	772,53
406,42	764,54
406,42	2341,50
406,42	763,54
406,42	1896,42
406,42	3150,50
406,42	765,54
406,42	950,50
406,42	2010,42
406,42	768,53
406,42	752,42
406,42	559,54
406,42	751,42
407,42	685,42
407,42	763,54
407,42	950,50
407,42	2403,50
407,42	559,54
407,42	2341,50
407,42	771,54
407,42	751,42
407,42	765,54
407,42	2233,50
407,42	772,53
407,42	766,53
407,42	770,53
407,42	2010,42
407,42	753,42
407,42	752,42
407,42	1499,50
407,42	535,53
407,42	1894,42
407,42	686,42
407,42	2402,53
407,42	698,61
407,42	1896,42
407,42	3150,50
407,42	946,50
407,42	409,42
407,42	764,54
407,42	768,53
407,42	2684,50
407,42	3384,50
409,42	752,42
409,42	535,53
409,42	946,50
409,42	2233,50
409,42	559,54
409,42	2341,50
409,42	3150,50
409,42	685,42
409,42	772,53
409,42	686,42
409,42	2684,50
409,42	1894,42
409,42	771,54
409,42	770,53
409,42	1896,42
409,42	2402,53
409,42	768,53
409,42	2403,50
409,42	3384,50
409,42	766,53
409,42	2010,42
409,42	765,54
409,42	698,61
409,42	764,54
409,42	1499,50
409,42	763,54
409,42	950,50
409,42	753,42
409,42	751,42
414,1	418,1
415,23	886,23
415,23	562,23
415,23	416,23
415,23	1475,23
415,23	559,54
415,23	561,23
415,23	563,23
415,23	771,54
415,23	765,54
415,23	772,53
415,23	535,53
415,23	766,53
415,23	1855,16
415,23	763,54
415,23	770,53
415,23	884,23
415,23	2402,53
415,23	764,54
415,23	768,53
415,23	1115,23
415,23	885,23
415,23	1537,23
415,23	698,61
416,23	559,54
416,23	764,54
416,23	763,54
416,23	562,23
416,23	1855,16
416,23	885,23
416,23	768,53
416,23	772,53
416,23	698,61
416,23	563,23
416,23	884,23
416,23	1115,23
416,23	1475,23
416,23	766,53
416,23	765,54
416,23	770,53
416,23	886,23
416,23	2402,53
416,23	771,54
416,23	561,23
416,23	535,53
416,23	1537,23
420,8	642,8
420,8	647,8
420,8	3373,8
420,8	3656,8
420,8	641,8
420,8	2581,8
420,8	639,8
420,8	1955,8
426,24	2881,24
426,24	2577,24
426,24	2839,24
426,24	783,24
426,24	2129,24
426,24	657,24
426,24	800,24
426,24	799,24
426,24	797,24
426,24	2793,24
426,24	2507,24
426,24	2984,24
426,24	708,24
426,24	1800,24
426,24	794,24
426,24	710,24
426,24	1500,24
426,24	485,24
426,24	1153,24
426,24	3554,24
429,1	442,1
437,1	455,1
438,3	1971,3
438,3	1822,3
438,3	3124,3
441,4	575,4
441,4	3356,4
441,4	572,4
441,4	573,4
446,4	2525,4
446,4	1497,4
446,4	1750,4
446,4	515,4
462,1	2055,1
463,12	3418,12
463,12	1113,12
463,12	3563,12
463,12	1529,12
463,12	3537,12
463,12	2616,12
463,12	550,12
463,12	2983,12
463,12	3663,12
463,12	2534,12
463,12	1284,12
463,12	3611,12
469,20	3272,20
469,20	855,20
469,20	861,20
469,20	862,20
469,20	1033,20
469,20	1032,20
469,20	511,20
469,20	2615,20
469,20	1370,20
469,20	2690,20
469,20	521,20
469,20	519,20
469,20	3512,20
469,20	516,20
469,20	2750,20
469,20	2128,20
469,20	514,20
469,20	2469,20
469,20	2691,20
475,17	1016,17
475,17	1015,17
475,17	1019,17
475,17	1014,17
475,17	1013,17
475,17	937,17
475,17	1161,17
475,17	1165,17
475,17	1177,17
475,17	1026,17
475,17	1020,17
475,17	1025,17
475,17	1023,17
475,17	1048,17
475,17	1022,17
475,17	1021,17
475,17	1018,17
477,36	2406,36
477,36	1593,36
477,36	2863,36
477,36	2031,36
477,36	1641,36
477,36	1906,36
477,36	1810,36
477,36	2391,36
477,36	1682,36
477,36	1683,36
477,36	1684,36
477,36	781,36
477,36	1069,36
477,36	1885,36
477,36	2001,36
477,36	3618,36
477,36	1482,36
477,36	634,36
477,36	632,36
477,36	631,36
477,36	2162,36
477,36	1967,36
477,36	2488,36
477,36	1995,36
477,36	2814,36
477,36	986,36
477,36	3650,36
477,36	2270,36
477,36	1583,36
483,37	1328,35
483,37	2296,21
483,37	1038,23
483,37	610,35
483,37	3664,23
483,37	2972,21
483,37	2479,16
483,37	1325,35
483,37	1327,15
483,37	1425,23
483,37	2356,42
483,37	902,37
483,37	913,23
483,37	2568,43
483,37	727,35
483,37	2743,23
483,37	1214,24
483,37	1334,11
483,37	1892,21
483,37	1781,12
483,37	1782,12
483,37	2095,23
483,37	1893,20
483,37	2385,42
483,37	2570,43
483,37	1618,16
483,37	1544,15
483,37	2647,21
483,37	1545,15
483,37	1546,15
483,37	3252,21
483,37	1323,15
484,1	996,1
485,24	2129,24
485,24	1153,24
485,24	2507,24
485,24	800,24
485,24	657,24
485,24	710,24
485,24	2839,24
485,24	799,24
485,24	797,24
485,24	708,24
485,24	794,24
485,24	2984,24
485,24	2881,24
485,24	3554,24
485,24	783,24
485,24	1800,24
485,24	2577,24
485,24	2793,24
485,24	1500,24
490,1	1730,1
496,17	950,50
496,17	958,17
496,17	2684,50
496,17	3384,50
496,17	3369,17
496,17	698,61
496,17	1499,50
496,17	2403,50
496,17	3150,50
496,17	2341,50
496,17	936,17
496,17	939,17
496,17	942,17
496,17	944,17
496,17	945,17
496,17	2233,50
496,17	946,50
503,1	2634,1
507,14	1807,14
507,14	1294,14
507,14	2364,14
507,14	1156,14
507,14	1208,14
507,14	1443,14
507,14	1207,14
507,14	1812,14
507,14	1036,14
507,14	2140,14
507,14	1295,14
511,20	2691,20
511,20	862,20
511,20	2469,20
511,20	514,20
511,20	1033,20
511,20	1032,20
511,20	2615,20
511,20	521,20
511,20	2750,20
511,20	1370,20
511,20	2128,20
511,20	2690,20
511,20	3272,20
511,20	519,20
511,20	855,20
511,20	516,20
511,20	861,20
511,20	3512,20
513,1	2196,1
514,20	855,20
514,20	516,20
514,20	519,20
514,20	3512,20
514,20	2690,20
514,20	2691,20
514,20	2615,20
514,20	2750,20
514,20	2128,20
514,20	861,20
514,20	3272,20
514,20	862,20
514,20	1033,20
514,20	1032,20
514,20	521,20
514,20	2469,20
514,20	1370,20
515,4	1750,4
515,4	2525,4
515,4	1497,4
516,20	861,20
516,20	2615,20
516,20	1370,20
516,20	521,20
516,20	3272,20
516,20	519,20
516,20	2469,20
516,20	1032,20
516,20	1033,20
516,20	862,20
516,20	855,20
516,20	2128,20
516,20	2750,20
516,20	2691,20
516,20	2690,20
516,20	3512,20
517,12	3599,12
517,12	568,12
517,12	3538,12
517,12	2468,12
517,12	2191,12
517,12	3227,12
517,12	1672,12
517,12	3562,12
517,12	1278,12
519,20	1370,20
519,20	862,20
519,20	855,20
519,20	861,20
519,20	2615,20
519,20	521,20
519,20	3512,20
519,20	1032,20
519,20	3272,20
519,20	2690,20
519,20	2691,20
519,20	1033,20
519,20	2469,20
519,20	2750,20
519,20	2128,20
521,20	1032,20
521,20	1033,20
521,20	862,20
521,20	861,20
521,20	855,20
521,20	2128,20
521,20	2750,20
521,20	2691,20
521,20	2690,20
521,20	3512,20
521,20	2615,20
521,20	3272,20
521,20	1370,20
521,20	2469,20
531,9	3428,9
531,9	2959,9
531,9	1199,9
531,9	709,9
531,9	1636,9
531,9	1767,9
531,9	2592,9
531,9	1200,9
535,53	2403,50
535,53	2233,50
535,53	561,23
535,53	885,23
535,53	2341,50
535,53	950,50
535,53	3150,50
535,53	1499,50
535,53	698,61
535,53	765,54
535,53	751,42
535,53	559,54
535,53	753,42
535,53	2010,42
535,53	3384,50
535,53	1115,23
535,53	1896,42
535,53	766,53
535,53	772,53
535,53	685,42
535,53	763,54
535,53	768,53
535,53	884,23
535,53	686,42
535,53	771,54
535,53	2684,50
535,53	1894,42
535,53	2402,53
535,53	770,53
535,53	764,54
535,53	563,23
535,53	886,23
535,53	752,42
535,53	562,23
535,53	1475,23
535,53	946,50
535,53	1537,23
538,6	553,6
538,6	2655,6
538,6	551,6
538,6	552,6
540,1	543,1
544,1	1189,1
545,1	2954,1
547,10	1452,10
547,10	1911,10
547,10	1454,10
547,10	2241,10
547,10	2240,10
547,10	2238,10
547,10	1453,10
547,10	3375,10
550,12	2616,12
550,12	3663,12
550,12	3611,12
550,12	3418,12
550,12	2534,12
550,12	3537,12
550,12	1113,12
550,12	3563,12
550,12	2983,12
550,12	1284,12
550,12	1529,12
551,6	553,6
551,6	2655,6
551,6	552,6
552,6	553,6
552,6	2655,6
553,6	2655,6
554,2	860,2
554,2	858,2
559,54	752,42
559,54	751,42
559,54	753,42
559,54	1475,23
559,54	763,54
559,54	1499,50
559,54	764,54
559,54	1537,23
559,54	698,61
559,54	765,54
559,54	2010,42
559,54	766,53
559,54	2403,50
559,54	3384,50
559,54	768,53
559,54	2402,53
559,54	1896,42
559,54	770,53
559,54	1894,42
559,54	2684,50
559,54	771,54
559,54	686,42
559,54	685,42
559,54	772,53
559,54	1115,23
559,54	3150,50
559,54	2341,50
559,54	1855,16
559,54	884,23
559,54	885,23
559,54	886,23
559,54	950,50
559,54	563,23
559,54	562,23
559,54	946,50
559,54	2233,50
559,54	561,23
560,1	3507,1
561,23	765,54
561,23	562,23
561,23	763,54
561,23	1855,16
561,23	766,53
561,23	886,23
561,23	2402,53
561,23	1475,23
561,23	563,23
561,23	772,53
561,23	885,23
561,23	1115,23
561,23	764,54
561,23	884,23
561,23	698,61
561,23	770,53
561,23	1537,23
561,23	768,53
561,23	771,54
562,23	884,23
562,23	1115,23
562,23	766,53
562,23	2402,53
562,23	698,61
562,23	1855,16
562,23	768,53
562,23	765,54
562,23	763,54
562,23	771,54
562,23	764,54
562,23	1475,23
562,23	563,23
562,23	1537,23
562,23	885,23
562,23	772,53
562,23	886,23
562,23	770,53
563,23	1475,23
563,23	885,23
563,23	765,54
563,23	698,61
563,23	884,23
563,23	772,53
563,23	764,54
563,23	886,23
563,23	770,53
563,23	768,53
563,23	2402,53
563,23	1855,16
563,23	1537,23
563,23	771,54
563,23	1115,23
563,23	766,53
563,23	763,54
566,11	1539,11
566,11	2570,43
566,11	3561,11
566,11	3253,11
566,11	1102,11
566,11	2568,43
566,11	1893,20
566,11	3338,11
566,11	3395,11
568,12	3227,12
568,12	3538,12
568,12	1672,12
568,12	2468,12
568,12	3599,12
568,12	2191,12
568,12	3562,12
568,12	1278,12
572,4	575,4
572,4	3356,4
572,4	573,4
573,4	3356,4
573,4	575,4
574,38	1653,38
574,38	1654,38
574,38	1650,38
574,38	2448,29
574,38	1772,38
574,38	2604,26
574,38	2252,26
574,38	2648,38
574,38	2845,29
574,38	1298,38
574,38	966,38
574,38	1846,29
574,38	3199,29
574,38	3084,38
574,38	2772,38
574,38	2281,29
574,38	2282,29
574,38	1690,38
574,38	2576,29
574,38	1652,38
574,38	1776,26
574,38	1167,38
574,38	1758,38
574,38	2516,38
575,4	3356,4
587,3	589,3
587,3	590,3
587,3	3134,3
589,3	3134,3
589,3	590,3
590,3	3134,3
599,2	2812,2
599,2	1610,2
601,14	2095,23
601,14	2743,23
601,14	2385,42
601,14	913,23
601,14	2097,14
601,14	3664,23
601,14	1425,23
601,14	1634,14
601,14	1038,23
601,14	2356,42
601,14	3060,14
601,14	2096,14
601,14	2148,14
601,14	3186,14
609,1	611,1
610,35	2972,21
610,35	1544,15
610,35	1214,24
610,35	2570,43
610,35	1545,15
610,35	3252,21
610,35	1425,23
610,35	1325,35
610,35	1328,35
610,35	1781,12
610,35	2568,43
610,35	1782,12
610,35	1334,11
610,35	2385,42
610,35	2095,23
610,35	1038,23
610,35	913,23
610,35	2356,42
610,35	1893,20
610,35	2296,21
610,35	1323,15
610,35	1892,21
610,35	2647,21
610,35	902,37
610,35	2743,23
610,35	727,35
610,35	3664,23
610,35	1546,15
610,35	1327,15
612,2	617,2
612,2	614,2
614,2	617,2
615,2	618,2
615,2	2999,2
618,2	2999,2
621,6	2524,6
621,6	2326,6
621,6	1150,6
621,6	718,6
631,36	1069,36
631,36	1995,36
631,36	2488,36
631,36	1482,36
631,36	1810,36
631,36	1583,36
631,36	781,36
631,36	2406,36
631,36	2863,36
631,36	1684,36
631,36	1593,36
631,36	2814,36
631,36	3650,36
631,36	986,36
631,36	1683,36
631,36	634,36
631,36	1885,36
631,36	2031,36
631,36	1682,36
631,36	1641,36
631,36	1967,36
631,36	1906,36
631,36	632,36
631,36	2270,36
631,36	2391,36
631,36	2001,36
631,36	3618,36
631,36	2162,36
632,36	2031,36
632,36	1682,36
632,36	1967,36
632,36	2270,36
632,36	2488,36
632,36	1482,36
632,36	1906,36
632,36	2406,36
632,36	2863,36
632,36	2162,36
632,36	2814,36
632,36	1995,36
632,36	3650,36
632,36	2001,36
632,36	1684,36
632,36	3618,36
632,36	1810,36
632,36	1641,36
632,36	1593,36
632,36	781,36
632,36	986,36
632,36	1583,36
632,36	1885,36
632,36	1683,36
632,36	1069,36
632,36	634,36
632,36	2391,36
634,36	1967,36
634,36	3650,36
634,36	2488,36
634,36	1906,36
634,36	2270,36
634,36	2391,36
634,36	2031,36
634,36	1682,36
634,36	1810,36
634,36	1683,36
634,36	1593,36
634,36	1684,36
634,36	2406,36
634,36	2863,36
634,36	1583,36
634,36	781,36
634,36	1069,36
634,36	1885,36
634,36	1641,36
634,36	2162,36
634,36	1995,36
634,36	2001,36
634,36	2814,36
634,36	1482,36
634,36	986,36
634,36	3618,36
639,8	1955,8
639,8	2581,8
639,8	642,8
639,8	647,8
639,8	3656,8
639,8	3373,8
639,8	641,8
640,7	3545,7
640,7	3492,7
640,7	767,7
640,7	2342,7
640,7	3136,7
640,7	1363,7
641,8	3373,8
641,8	2581,8
641,8	1955,8
641,8	642,8
641,8	3656,8
641,8	647,8
642,8	2581,8
642,8	3656,8
642,8	647,8
642,8	3373,8
642,8	1955,8
645,6	920,6
645,6	3262,6
645,6	919,6
645,6	2769,6
645,6	921,6
647,8	3373,8
647,8	3656,8
647,8	1955,8
647,8	2581,8
656,1	3547,1
657,24	1500,24
657,24	2507,24
657,24	2793,24
657,24	710,24
657,24	1800,24
657,24	2129,24
657,24	800,24
657,24	799,24
657,24	797,24
657,24	2577,24
657,24	794,24
657,24	783,24
657,24	3554,24
657,24	2881,24
657,24	2839,24
657,24	1153,24
657,24	708,24
657,24	2984,24
678,26	1204,26
678,26	693,26
678,26	690,26
678,26	694,26
678,26	688,26
678,26	687,26
678,26	2669,26
678,26	691,26
678,26	695,26
678,26	684,26
678,26	1264,26
678,26	681,26
678,26	696,26
678,26	697,26
678,26	1062,26
678,26	1060,26
678,26	1059,26
678,26	1266,26
678,26	1267,26
678,26	699,26
678,26	701,26
678,26	871,26
678,26	1493,26
678,26	692,26
681,26	1267,26
681,26	1493,26
681,26	701,26
681,26	871,26
681,26	699,26
681,26	1266,26
681,26	1059,26
681,26	1060,26
681,26	691,26
681,26	1062,26
681,26	697,26
681,26	1264,26
681,26	684,26
681,26	696,26
681,26	695,26
681,26	692,26
681,26	1204,26
681,26	687,26
681,26	2669,26
681,26	694,26
681,26	688,26
681,26	690,26
681,26	693,26
684,26	1060,26
684,26	1204,26
684,26	690,26
684,26	688,26
684,26	694,26
684,26	687,26
684,26	695,26
684,26	2669,26
684,26	696,26
684,26	1264,26
684,26	697,26
684,26	1062,26
684,26	1059,26
684,26	1266,26
684,26	699,26
684,26	871,26
684,26	701,26
684,26	1493,26
684,26	1267,26
684,26	692,26
684,26	693,26
684,26	691,26
685,42	686,42
685,42	2684,50
685,42	698,61
685,42	751,42
685,42	752,42
685,42	753,42
685,42	763,54
685,42	764,54
685,42	765,54
685,42	766,53
685,42	2403,50
685,42	2402,53
685,42	768,53
685,42	770,53
685,42	771,54
685,42	772,53
685,42	3150,50
685,42	2341,50
685,42	946,50
685,42	950,50
685,42	2233,50
685,42	2010,42
685,42	1499,50
685,42	3384,50
685,42	1896,42
685,42	1894,42
686,42	771,54
686,42	950,50
686,42	772,53
686,42	698,61
686,42	1499,50
686,42	2233,50
686,42	751,42
686,42	946,50
686,42	752,42
686,42	753,42
686,42	763,54
686,42	3384,50
686,42	2341,50
686,42	764,54
686,42	765,54
686,42	2010,42
686,42	2684,50
686,42	766,53
686,42	3150,50
686,42	2403,50
686,42	2402,53
686,42	768,53
686,42	770,53
686,42	1894,42
686,42	1896,42
687,26	1060,26
687,26	2669,26
687,26	1062,26
687,26	692,26
687,26	1493,26
687,26	693,26
687,26	690,26
687,26	1264,26
687,26	1266,26
687,26	1059,26
687,26	697,26
687,26	701,26
687,26	688,26
687,26	871,26
687,26	1204,26
687,26	696,26
687,26	694,26
687,26	699,26
687,26	691,26
687,26	1267,26
687,26	695,26
688,26	1493,26
688,26	690,26
688,26	701,26
688,26	699,26
688,26	691,26
688,26	695,26
688,26	1062,26
688,26	692,26
688,26	697,26
688,26	1264,26
688,26	1204,26
688,26	1060,26
688,26	2669,26
688,26	694,26
688,26	693,26
688,26	1059,26
688,26	1266,26
688,26	871,26
688,26	696,26
688,26	1267,26
689,4	1827,4
689,4	1821,4
689,4	1826,4
689,4	1823,4
690,26	1059,26
690,26	696,26
690,26	701,26
690,26	1493,26
690,26	1264,26
690,26	871,26
690,26	1062,26
690,26	699,26
690,26	1204,26
690,26	693,26
690,26	691,26
690,26	694,26
690,26	1267,26
690,26	697,26
690,26	692,26
690,26	695,26
690,26	2669,26
690,26	1060,26
690,26	1266,26
691,26	1204,26
691,26	2669,26
691,26	1264,26
691,26	697,26
691,26	1062,26
691,26	1493,26
691,26	1266,26
691,26	1059,26
691,26	701,26
691,26	696,26
691,26	699,26
691,26	693,26
691,26	1267,26
691,26	694,26
691,26	695,26
691,26	692,26
691,26	1060,26
691,26	871,26
692,26	871,26
692,26	699,26
692,26	1204,26
692,26	701,26
692,26	2669,26
692,26	1059,26
692,26	693,26
692,26	1267,26
692,26	694,26
692,26	1060,26
692,26	1264,26
692,26	697,26
692,26	1493,26
692,26	1062,26
692,26	696,26
692,26	1266,26
692,26	695,26
693,26	871,26
693,26	696,26
693,26	1266,26
693,26	1267,26
693,26	1059,26
693,26	695,26
693,26	694,26
693,26	1264,26
693,26	701,26
693,26	697,26
693,26	1062,26
693,26	2669,26
693,26	699,26
693,26	1204,26
693,26	1493,26
693,26	1060,26
694,26	695,26
694,26	1267,26
694,26	871,26
694,26	1266,26
694,26	1059,26
694,26	1060,26
694,26	1264,26
694,26	2669,26
694,26	1062,26
694,26	1204,26
694,26	701,26
694,26	697,26
694,26	699,26
694,26	1493,26
694,26	696,26
695,26	1493,26
695,26	701,26
695,26	699,26
695,26	871,26
695,26	1059,26
695,26	1060,26
695,26	1062,26
695,26	2669,26
695,26	1204,26
695,26	1264,26
695,26	1266,26
695,26	1267,26
695,26	696,26
695,26	697,26
696,26	1493,26
696,26	697,26
696,26	2669,26
696,26	1264,26
696,26	1062,26
696,26	1266,26
696,26	699,26
696,26	1204,26
696,26	1267,26
696,26	871,26
696,26	1060,26
696,26	701,26
696,26	1059,26
697,26	1204,26
697,26	1493,26
697,26	1062,26
697,26	699,26
697,26	1266,26
697,26	2669,26
697,26	1264,26
697,26	871,26
697,26	1267,26
697,26	1060,26
697,26	701,26
697,26	1059,26
698,61	763,54
698,61	1894,42
698,61	770,53
698,61	1537,23
698,61	771,54
698,61	2402,53
698,61	1499,50
698,61	3369,17
698,61	772,53
698,61	958,17
698,61	1475,23
698,61	2233,50
698,61	2403,50
698,61	946,50
698,61	751,42
698,61	3150,50
698,61	945,17
698,61	768,53
698,61	944,17
698,61	942,17
698,61	752,42
698,61	950,50
698,61	939,17
698,61	936,17
698,61	766,53
698,61	753,42
698,61	2684,50
698,61	1896,42
698,61	886,23
698,61	2010,42
698,61	885,23
698,61	765,54
698,61	1115,23
698,61	884,23
698,61	764,54
698,61	3384,50
698,61	2341,50
699,26	2669,26
699,26	1264,26
699,26	1266,26
699,26	1204,26
699,26	1062,26
699,26	1493,26
699,26	1059,26
699,26	871,26
699,26	1267,26
699,26	1060,26
699,26	701,26
701,26	2669,26
701,26	1062,26
701,26	1204,26
701,26	1264,26
701,26	1060,26
701,26	1059,26
701,26	1266,26
701,26	1267,26
701,26	871,26
701,26	1493,26
706,3	2328,3
706,3	2630,3
706,3	2631,3
708,24	2129,24
708,24	3554,24
708,24	783,24
708,24	794,24
708,24	2839,24
708,24	797,24
708,24	2577,24
708,24	799,24
708,24	2793,24
708,24	800,24
708,24	710,24
708,24	1500,24
708,24	1153,24
708,24	2881,24
708,24	1800,24
708,24	2984,24
708,24	2507,24
709,9	3428,9
709,9	1199,9
709,9	1767,9
709,9	2959,9
709,9	2592,9
709,9	1636,9
709,9	1200,9
710,24	2984,24
710,24	1500,24
710,24	2839,24
710,24	3554,24
710,24	2881,24
710,24	2507,24
710,24	2129,24
710,24	2793,24
710,24	1153,24
710,24	800,24
710,24	2577,24
710,24	799,24
710,24	797,24
710,24	794,24
710,24	783,24
710,24	1800,24
717,14	2933,17
717,14	3156,14
717,14	2943,17
717,14	2439,17
717,14	3632,17
717,14	2302,14
717,14	3002,14
717,14	1431,14
717,14	2811,17
717,14	3163,17
717,14	3229,14
717,14	2892,17
717,14	3266,17
717,14	1081,14
718,6	2524,6
718,6	2326,6
718,6	1150,6
721,14	724,14
721,14	723,14
721,14	730,14
723,14	724,14
723,14	730,14
724,14	730,14
727,35	3664,23
727,35	1214,24
727,35	3252,21
727,35	902,37
727,35	913,23
727,35	1325,35
727,35	2570,43
727,35	1327,15
727,35	2296,21
727,35	1328,35
727,35	1334,11
727,35	1781,12
727,35	1425,23
727,35	2647,21
727,35	1782,12
727,35	1038,23
727,35	2568,43
727,35	1546,15
727,35	2385,42
727,35	1545,15
727,35	2095,23
727,35	2972,21
727,35	1544,15
727,35	2743,23
727,35	1892,21
727,35	1893,20
727,35	1323,15
727,35	2356,42
732,1	2714,1
746,2	1070,2
746,2	1966,2
751,42	950,50
751,42	2233,50
751,42	946,50
751,42	2341,50
751,42	3150,50
751,42	772,53
751,42	771,54
751,42	770,53
751,42	768,53
751,42	2402,53
751,42	2403,50
751,42	766,53
751,42	2010,42
751,42	765,54
751,42	764,54
751,42	763,54
751,42	753,42
751,42	752,42
751,42	1499,50
751,42	3384,50
751,42	1896,42
751,42	1894,42
751,42	2684,50
752,42	1896,42
752,42	950,50
752,42	765,54
752,42	1499,50
752,42	771,54
752,42	764,54
752,42	946,50
752,42	1894,42
752,42	2341,50
752,42	2403,50
752,42	772,53
752,42	3384,50
752,42	2402,53
752,42	2233,50
752,42	753,42
752,42	3150,50
752,42	768,53
752,42	770,53
752,42	2684,50
752,42	766,53
752,42	763,54
752,42	2010,42
753,42	1896,42
753,42	2403,50
753,42	770,53
753,42	768,53
753,42	2402,53
753,42	766,53
753,42	946,50
753,42	771,54
753,42	2233,50
753,42	772,53
753,42	1499,50
753,42	950,50
753,42	2010,42
753,42	765,54
753,42	1894,42
753,42	764,54
753,42	3384,50
753,42	2341,50
753,42	3150,50
753,42	763,54
753,42	2684,50
756,2	3486,2
756,2	1073,2
758,2	759,2
758,2	760,2
759,2	760,2
763,54	3150,50
763,54	2341,50
763,54	3384,50
763,54	950,50
763,54	1896,42
763,54	884,23
763,54	885,23
763,54	764,54
763,54	886,23
763,54	1894,42
763,54	1115,23
763,54	772,53
763,54	2684,50
763,54	765,54
763,54	1475,23
763,54	2010,42
763,54	1499,50
763,54	2233,50
763,54	1855,16
763,54	771,54
763,54	1537,23
763,54	946,50
763,54	766,53
763,54	2402,53
763,54	768,53
763,54	2403,50
763,54	770,53
764,54	1537,23
764,54	1475,23
764,54	3384,50
764,54	765,54
764,54	2010,42
764,54	766,53
764,54	2403,50
764,54	2402,53
764,54	768,53
764,54	770,53
764,54	1896,42
764,54	771,54
764,54	772,53
764,54	1894,42
764,54	1115,23
764,54	3150,50
764,54	2684,50
764,54	2341,50
764,54	884,23
764,54	885,23
764,54	886,23
764,54	2233,50
764,54	1855,16
764,54	946,50
764,54	950,50
764,54	1499,50
765,54	2341,50
765,54	2403,50
765,54	772,53
765,54	3150,50
765,54	1537,23
765,54	2684,50
765,54	768,53
765,54	2402,53
765,54	1499,50
765,54	946,50
765,54	771,54
765,54	1894,42
765,54	766,53
765,54	770,53
765,54	1115,23
765,54	1855,16
765,54	2233,50
765,54	1475,23
765,54	1896,42
765,54	3384,50
765,54	950,50
765,54	886,23
765,54	885,23
765,54	2010,42
765,54	884,23
766,53	771,54
766,53	2010,42
766,53	772,53
766,53	1894,42
766,53	1115,23
766,53	3384,50
766,53	950,50
766,53	2684,50
766,53	2341,50
766,53	3150,50
766,53	884,23
766,53	885,23
766,53	886,23
766,53	1475,23
766,53	2233,50
766,53	1499,50
766,53	946,50
766,53	1537,23
766,53	2402,53
766,53	768,53
766,53	2403,50
766,53	1896,42
766,53	770,53
767,7	3545,7
767,7	3492,7
767,7	1363,7
767,7	2342,7
767,7	3136,7
768,53	884,23
768,53	2010,42
768,53	885,23
768,53	886,23
768,53	3384,50
768,53	1896,42
768,53	1475,23
768,53	771,54
768,53	2233,50
768,53	1115,23
768,53	950,50
768,53	2403,50
768,53	1894,42
768,53	946,50
768,53	1537,23
768,53	1499,50
768,53	2684,50
768,53	770,53
768,53	772,53
768,53	2341,50
768,53	2402,53
768,53	3150,50
770,53	2010,42
770,53	1499,50
770,53	946,50
770,53	2403,50
770,53	1894,42
770,53	885,23
770,53	884,23
770,53	2402,53
770,53	886,23
770,53	2341,50
770,53	771,54
770,53	1896,42
770,53	950,50
770,53	3150,50
770,53	772,53
770,53	1115,23
770,53	2684,50
770,53	2233,50
770,53	1475,23
770,53	1537,23
770,53	3384,50
771,54	1115,23
771,54	3384,50
771,54	3150,50
771,54	2684,50
771,54	2403,50
771,54	2402,53
771,54	2341,50
771,54	2233,50
771,54	2010,42
771,54	1896,42
771,54	1894,42
771,54	1855,16
771,54	1537,23
771,54	1499,50
771,54	1475,23
771,54	950,50
771,54	946,50
771,54	886,23
771,54	885,23
771,54	884,23
771,54	772,53
772,53	2010,42
772,53	1499,50
772,53	946,50
772,53	3384,50
772,53	950,50
772,53	886,23
772,53	2684,50
772,53	2402,53
772,53	885,23
772,53	884,23
772,53	2403,50
772,53	1115,23
772,53	1475,23
772,53	1896,42
772,53	2341,50
772,53	1894,42
772,53	2233,50
772,53	1537,23
772,53	3150,50
781,36	1641,36
781,36	1069,36
781,36	2406,36
781,36	2488,36
781,36	3618,36
781,36	1967,36
781,36	1482,36
781,36	2162,36
781,36	2270,36
781,36	1885,36
781,36	1810,36
781,36	2031,36
781,36	1995,36
781,36	2001,36
781,36	1684,36
781,36	3650,36
781,36	1683,36
781,36	1682,36
781,36	986,36
781,36	2863,36
781,36	1583,36
781,36	1906,36
781,36	2814,36
781,36	1593,36
781,36	2391,36
783,24	800,24
783,24	1800,24
783,24	3554,24
783,24	1500,24
783,24	794,24
783,24	2129,24
783,24	2507,24
783,24	2839,24
783,24	2984,24
783,24	797,24
783,24	2577,24
783,24	1153,24
783,24	2881,24
783,24	799,24
783,24	2793,24
794,24	1500,24
794,24	2839,24
794,24	2984,24
794,24	2793,24
794,24	1800,24
794,24	2507,24
794,24	2881,24
794,24	2577,24
794,24	1153,24
794,24	2129,24
794,24	800,24
794,24	799,24
794,24	797,24
794,24	3554,24
797,24	2577,24
797,24	1800,24
797,24	799,24
797,24	2984,24
797,24	800,24
797,24	1153,24
797,24	2839,24
797,24	2881,24
797,24	3554,24
797,24	2507,24
797,24	2129,24
797,24	1500,24
797,24	2793,24
799,24	2577,24
799,24	2881,24
799,24	2129,24
799,24	3554,24
799,24	1153,24
799,24	1500,24
799,24	800,24
799,24	2507,24
799,24	2793,24
799,24	2984,24
799,24	1800,24
799,24	2839,24
800,24	1500,24
800,24	2839,24
800,24	3554,24
800,24	2129,24
800,24	2793,24
800,24	2507,24
800,24	2984,24
800,24	1800,24
800,24	1153,24
800,24	2881,24
800,24	2577,24
813,3	2237,3
822,29	825,29
822,29	1693,29
822,29	832,29
822,29	834,29
822,29	2537,29
822,29	829,29
822,29	835,60
822,29	3215,29
822,29	826,29
822,29	3214,60
822,29	1917,29
822,29	830,29
822,29	3212,29
822,29	1239,60
822,29	1921,29
822,29	828,29
822,29	827,29
822,29	837,29
822,29	838,29
822,29	1919,29
822,29	831,29
822,29	833,29
822,29	1915,29
822,29	823,29
822,29	2092,29
822,29	1922,29
822,29	824,29
822,29	1918,29
823,29	3212,29
823,29	1919,29
823,29	1922,29
823,29	1239,60
823,29	1921,29
823,29	833,29
823,29	831,29
823,29	825,29
823,29	1915,29
823,29	828,29
823,29	3214,60
823,29	824,29
823,29	837,29
823,29	2092,29
823,29	1918,29
823,29	826,29
823,29	834,29
823,29	835,60
823,29	830,29
823,29	2537,29
823,29	838,29
823,29	1917,29
823,29	827,29
823,29	829,29
823,29	832,29
823,29	1693,29
823,29	3215,29
824,29	1918,29
824,29	831,29
824,29	837,29
824,29	830,29
824,29	1919,29
824,29	1693,29
824,29	834,29
824,29	1239,60
824,29	3215,29
824,29	827,29
824,29	2092,29
824,29	828,29
824,29	832,29
824,29	825,29
824,29	826,29
824,29	833,29
824,29	3214,60
824,29	835,60
824,29	1921,29
824,29	1922,29
824,29	1915,29
824,29	2537,29
824,29	829,29
824,29	3212,29
824,29	838,29
824,29	1917,29
825,29	1917,29
825,29	1239,60
825,29	834,29
825,29	838,29
825,29	3214,60
825,29	1915,29
825,29	837,29
825,29	3212,29
825,29	835,60
825,29	833,29
825,29	1693,29
825,29	1918,29
825,29	832,29
825,29	1922,29
825,29	2092,29
825,29	1919,29
825,29	828,29
825,29	2537,29
825,29	827,29
825,29	830,29
825,29	831,29
825,29	826,29
825,29	829,29
825,29	1921,29
825,29	3215,29
826,29	830,29
826,29	838,29
826,29	835,60
826,29	3212,29
826,29	828,29
826,29	827,29
826,29	1915,29
826,29	1919,29
826,29	1922,29
826,29	831,29
826,29	1921,29
826,29	832,29
826,29	833,29
826,29	1239,60
826,29	1917,29
826,29	3215,29
826,29	829,29
826,29	1693,29
826,29	837,29
826,29	1918,29
826,29	2092,29
826,29	834,29
826,29	2537,29
826,29	3214,60
827,29	830,29
827,29	828,29
827,29	3214,60
827,29	835,60
827,29	1915,29
827,29	2092,29
827,29	1917,29
827,29	3212,29
827,29	832,29
827,29	1693,29
827,29	3215,29
827,29	829,29
827,29	1919,29
827,29	838,29
827,29	1239,60
827,29	1921,29
827,29	833,29
827,29	2537,29
827,29	837,29
827,29	831,29
827,29	834,29
827,29	1922,29
827,29	1918,29
828,29	1919,29
828,29	1693,29
828,29	831,29
828,29	1922,29
828,29	2092,29
828,29	833,29
828,29	830,29
828,29	835,60
828,29	834,29
828,29	3215,29
828,29	2537,29
828,29	1921,29
828,29	1917,29
828,29	3212,29
828,29	829,29
828,29	1915,29
828,29	3214,60
828,29	1918,29
828,29	837,29
828,29	838,29
828,29	1239,60
828,29	832,29
829,29	830,29
829,29	835,60
829,29	838,29
829,29	3214,60
829,29	1919,29
829,29	1918,29
829,29	831,29
829,29	1239,60
829,29	833,29
829,29	1922,29
829,29	1921,29
829,29	832,29
829,29	1693,29
829,29	3212,29
829,29	1917,29
829,29	837,29
829,29	2092,29
829,29	1915,29
829,29	834,29
829,29	3215,29
829,29	2537,29
830,29	837,29
830,29	1922,29
830,29	835,60
830,29	1239,60
830,29	1921,29
830,29	3215,29
830,29	2537,29
830,29	3214,60
830,29	3212,29
830,29	834,29
830,29	833,29
830,29	1693,29
830,29	832,29
830,29	1919,29
830,29	831,29
830,29	2092,29
830,29	1918,29
830,29	1915,29
830,29	1917,29
830,29	838,29
831,29	1915,29
831,29	1918,29
831,29	1922,29
831,29	837,29
831,29	1921,29
831,29	3214,60
831,29	2092,29
831,29	3215,29
831,29	2537,29
831,29	835,60
831,29	1239,60
831,29	1693,29
831,29	834,29
831,29	833,29
831,29	832,29
831,29	3212,29
831,29	1919,29
831,29	838,29
831,29	1917,29
832,29	833,29
832,29	3215,29
832,29	834,29
832,29	3212,29
832,29	837,29
832,29	1915,29
832,29	3214,60
832,29	838,29
832,29	1922,29
832,29	1919,29
832,29	1917,29
832,29	2537,29
832,29	835,60
832,29	1693,29
832,29	1918,29
832,29	2092,29
832,29	1239,60
832,29	1921,29
833,29	3214,60
833,29	1693,29
833,29	2537,29
833,29	1921,29
833,29	837,29
833,29	835,60
833,29	2092,29
833,29	3212,29
833,29	1917,29
833,29	1239,60
833,29	1922,29
833,29	838,29
833,29	1919,29
833,29	3215,29
833,29	1915,29
833,29	834,29
833,29	1918,29
834,29	838,29
834,29	2537,29
834,29	3214,60
834,29	1921,29
834,29	2092,29
834,29	3212,29
834,29	1919,29
834,29	1918,29
834,29	835,60
834,29	1693,29
834,29	1917,29
834,29	1239,60
834,29	1915,29
834,29	3215,29
834,29	837,29
834,29	1922,29
835,60	853,33
835,60	3387,33
835,60	1573,33
835,60	854,33
835,60	1918,29
835,60	979,33
835,60	2979,33
835,60	1917,29
835,60	3031,33
835,60	924,33
835,60	3135,33
835,60	3138,33
835,60	925,33
835,60	837,29
835,60	3139,33
835,60	975,33
835,60	1919,29
835,60	1645,33
835,60	1693,29
835,60	1646,33
835,60	1731,33
835,60	978,33
835,60	3212,29
835,60	1915,29
835,60	3214,60
835,60	1647,33
835,60	980,33
835,60	3215,29
835,60	3230,33
835,60	977,33
835,60	1649,33
835,60	850,33
835,60	2376,33
835,60	1239,60
835,60	1921,29
835,60	922,33
835,60	2554,33
835,60	2537,29
835,60	1644,33
835,60	1922,29
835,60	838,29
835,60	2092,29
835,60	2907,33
835,60	851,33
837,29	1239,60
837,29	2092,29
837,29	1917,29
837,29	1693,29
837,29	3215,29
837,29	1918,29
837,29	1921,29
837,29	1915,29
837,29	3212,29
837,29	1922,29
837,29	3214,60
837,29	838,29
837,29	1919,29
837,29	2537,29
838,29	1919,29
838,29	1693,29
838,29	1917,29
838,29	1922,29
838,29	2537,29
838,29	2092,29
838,29	1239,60
838,29	1921,29
838,29	1915,29
838,29	3212,29
838,29	1918,29
838,29	3214,60
838,29	3215,29
840,4	1250,4
840,4	2765,4
840,4	1043,4
840,4	1707,4
850,33	977,33
850,33	980,33
850,33	978,33
850,33	979,33
850,33	3387,33
850,33	1239,60
850,33	3230,33
850,33	3214,60
850,33	1731,33
850,33	3139,33
850,33	3138,33
850,33	3135,33
850,33	3031,33
850,33	2979,33
850,33	2907,33
850,33	1649,33
850,33	2554,33
850,33	1647,33
850,33	1646,33
850,33	1645,33
850,33	1644,33
850,33	2376,33
850,33	1573,33
850,33	851,33
850,33	853,33
850,33	854,33
850,33	922,33
850,33	924,33
850,33	925,33
850,33	975,33
851,33	1646,33
851,33	1649,33
851,33	853,33
851,33	980,33
851,33	3031,33
851,33	978,33
851,33	2376,33
851,33	1644,33
851,33	925,33
851,33	3230,33
851,33	3138,33
851,33	2907,33
851,33	975,33
851,33	1239,60
851,33	3139,33
851,33	977,33
851,33	1731,33
851,33	922,33
851,33	3135,33
851,33	979,33
851,33	2554,33
851,33	1645,33
851,33	1573,33
851,33	2979,33
851,33	3214,60
851,33	854,33
851,33	1647,33
851,33	924,33
851,33	3387,33
853,33	1649,33
853,33	3138,33
853,33	1731,33
853,33	1573,33
853,33	1645,33
853,33	975,33
853,33	2979,33
853,33	3230,33
853,33	1646,33
853,33	1644,33
853,33	2907,33
853,33	1239,60
853,33	925,33
853,33	977,33
853,33	3387,33
853,33	3031,33
853,33	978,33
853,33	924,33
853,33	980,33
853,33	1647,33
853,33	979,33
853,33	854,33
853,33	3139,33
853,33	2554,33
853,33	922,33
853,33	2376,33
853,33	3214,60
853,33	3135,33
854,33	1645,33
854,33	3138,33
854,33	924,33
854,33	1731,33
854,33	1647,33
854,33	978,33
854,33	979,33
854,33	980,33
854,33	3139,33
854,33	922,33
854,33	2979,33
854,33	3135,33
854,33	1239,60
854,33	1649,33
854,33	977,33
854,33	2554,33
854,33	1573,33
854,33	3230,33
854,33	3214,60
854,33	925,33
854,33	975,33
854,33	1644,33
854,33	3387,33
854,33	2907,33
854,33	1646,33
854,33	2376,33
854,33	3031,33
855,20	3272,20
855,20	1033,20
855,20	2128,20
855,20	2691,20
855,20	2690,20
855,20	1370,20
855,20	861,20
855,20	1032,20
855,20	862,20
855,20	2615,20
855,20	2750,20
855,20	3512,20
855,20	2469,20
858,2	860,2
861,20	1370,20
861,20	2128,20
861,20	3272,20
861,20	862,20
861,20	2615,20
861,20	2690,20
861,20	2691,20
861,20	2750,20
861,20	1033,20
861,20	2469,20
861,20	1032,20
861,20	3512,20
862,20	3512,20
862,20	2128,20
862,20	1370,20
862,20	3272,20
862,20	2691,20
862,20	2690,20
862,20	2469,20
862,20	2615,20
862,20	1032,20
862,20	1033,20
862,20	2750,20
871,26	1204,26
871,26	1062,26
871,26	1059,26
871,26	1060,26
871,26	2669,26
871,26	1266,26
871,26	1264,26
871,26	1493,26
871,26	1267,26
872,2	2080,2
872,2	2606,2
882,3	2393,3
882,3	2392,3
882,3	883,3
883,3	2393,3
883,3	2392,3
884,23	1537,23
884,23	1115,23
884,23	885,23
884,23	886,23
884,23	1855,16
884,23	2402,53
884,23	1475,23
885,23	1855,16
885,23	1475,23
885,23	1537,23
885,23	1115,23
885,23	886,23
885,23	2402,53
886,23	1855,16
886,23	1537,23
886,23	1475,23
886,23	1115,23
886,23	2402,53
902,37	3252,21
902,37	1214,24
902,37	2479,16
902,37	1425,23
902,37	2385,42
902,37	1334,11
902,37	2095,23
902,37	1618,16
902,37	913,23
902,37	2568,43
902,37	2570,43
902,37	2356,42
902,37	2296,21
902,37	2647,21
902,37	1328,35
902,37	2743,23
902,37	3664,23
902,37	1327,15
902,37	1325,35
902,37	1782,12
902,37	1781,12
902,37	2972,21
902,37	1893,20
902,37	1546,15
902,37	1545,15
902,37	1038,23
902,37	1892,21
902,37	1544,15
902,37	1323,15
913,23	1038,23
913,23	1325,35
913,23	3664,23
913,23	3060,14
913,23	2743,23
913,23	3186,14
913,23	1328,35
913,23	2356,42
913,23	2570,43
913,23	2568,43
913,23	2148,14
913,23	1634,14
913,23	2095,23
913,23	2096,14
913,23	2385,42
913,23	2097,14
913,23	1425,23
919,6	921,6
919,6	2769,6
919,6	3262,6
919,6	920,6
920,6	921,6
920,6	3262,6
920,6	2769,6
921,6	2769,6
921,6	3262,6
922,33	3214,60
922,33	1647,33
922,33	1573,33
922,33	924,33
922,33	925,33
922,33	3135,33
922,33	1644,33
922,33	1646,33
922,33	2979,33
922,33	1645,33
922,33	1649,33
922,33	3138,33
922,33	975,33
922,33	2376,33
922,33	2554,33
922,33	2907,33
922,33	977,33
922,33	1239,60
922,33	3387,33
922,33	979,33
922,33	1731,33
922,33	980,33
922,33	978,33
922,33	3031,33
922,33	3139,33
922,33	3230,33
924,33	3139,33
924,33	1645,33
924,33	1646,33
924,33	1644,33
924,33	1647,33
924,33	2554,33
924,33	2376,33
924,33	1649,33
924,33	2907,33
924,33	1573,33
924,33	975,33
924,33	2979,33
924,33	3031,33
924,33	3135,33
924,33	3138,33
924,33	1731,33
924,33	3214,60
924,33	3230,33
924,33	1239,60
924,33	3387,33
924,33	979,33
924,33	978,33
924,33	925,33
924,33	980,33
924,33	977,33
925,33	1649,33
925,33	979,33
925,33	1731,33
925,33	3139,33
925,33	3138,33
925,33	975,33
925,33	3214,60
925,33	3135,33
925,33	3230,33
925,33	977,33
925,33	1644,33
925,33	2554,33
925,33	3031,33
925,33	3387,33
925,33	1239,60
925,33	2979,33
925,33	1573,33
925,33	980,33
925,33	2907,33
925,33	1646,33
925,33	1647,33
925,33	978,33
925,33	1645,33
925,33	2376,33
936,17	950,50
936,17	958,17
936,17	2341,50
936,17	3369,17
936,17	946,50
936,17	2403,50
936,17	945,17
936,17	3384,50
936,17	944,17
936,17	942,17
936,17	3150,50
936,17	939,17
936,17	2233,50
936,17	1499,50
936,17	2684,50
937,17	1025,17
937,17	1013,17
937,17	1165,17
937,17	1020,17
937,17	1018,17
937,17	1177,17
937,17	1016,17
937,17	1161,17
937,17	1021,17
937,17	1014,17
937,17	1022,17
937,17	1015,17
937,17	1023,17
937,17	1048,17
937,17	1019,17
937,17	1026,17
939,17	3369,17
939,17	2403,50
939,17	945,17
939,17	3384,50
939,17	3150,50
939,17	944,17
939,17	942,17
939,17	2233,50
939,17	2341,50
939,17	1499,50
939,17	2684,50
939,17	950,50
939,17	958,17
939,17	946,50
941,2	1279,2
941,2	2506,2
942,17	958,17
942,17	3150,50
942,17	945,17
942,17	944,17
942,17	3384,50
942,17	950,50
942,17	2233,50
942,17	3369,17
942,17	946,50
942,17	2341,50
942,17	2684,50
942,17	1499,50
942,17	2403,50
944,17	2341,50
944,17	3150,50
944,17	950,50
944,17	945,17
944,17	946,50
944,17	2684,50
944,17	2403,50
944,17	958,17
944,17	3384,50
944,17	2233,50
944,17	1499,50
944,17	3369,17
945,17	2341,50
945,17	2403,50
945,17	3369,17
945,17	3384,50
945,17	950,50
945,17	946,50
945,17	3150,50
945,17	958,17
945,17	1499,50
945,17	2684,50
945,17	2233,50
946,50	2341,50
946,50	3150,50
946,50	1499,50
946,50	3369,17
946,50	3384,50
946,50	1894,42
946,50	1896,42
946,50	2684,50
946,50	2402,53
946,50	2233,50
946,50	950,50
946,50	958,17
946,50	2010,42
946,50	2403,50
949,8	2852,8
949,8	1595,8
949,8	1733,8
949,8	1732,8
949,8	1594,8
949,8	1439,8
949,8	1158,8
949,8	3431,8
950,50	958,17
950,50	3384,50
950,50	2341,50
950,50	2403,50
950,50	1896,42
950,50	3150,50
950,50	2684,50
950,50	2010,42
950,50	1499,50
950,50	2402,53
950,50	2233,50
950,50	1894,42
950,50	3369,17
958,17	2341,50
958,17	3150,50
958,17	3384,50
958,17	3369,17
958,17	2403,50
958,17	1499,50
958,17	2233,50
958,17	2684,50
966,38	2281,29
966,38	1167,38
966,38	2448,29
966,38	1846,29
966,38	1690,38
966,38	1772,38
966,38	2282,29
966,38	2252,26
966,38	1653,38
966,38	3199,29
966,38	2772,38
966,38	2604,26
966,38	2576,29
966,38	2516,38
966,38	2648,38
966,38	1652,38
966,38	1654,38
966,38	1650,38
966,38	2845,29
966,38	1776,26
966,38	1298,38
966,38	3084,38
966,38	1758,38
971,3	2348,3
971,3	1577,3
974,5	1618,16
974,5	3068,5
974,5	2479,16
974,5	1943,5
974,5	1214,24
975,33	1239,60
975,33	3387,33
975,33	3230,33
975,33	3214,60
975,33	1731,33
975,33	3139,33
975,33	3138,33
975,33	3135,33
975,33	3031,33
975,33	2979,33
975,33	2907,33
975,33	1649,33
975,33	2554,33
975,33	1647,33
975,33	1646,33
975,33	1645,33
975,33	1644,33
975,33	2376,33
975,33	1573,33
975,33	977,33
975,33	978,33
975,33	979,33
975,33	980,33
977,33	3138,33
977,33	2979,33
977,33	3135,33
977,33	3214,60
977,33	3387,33
977,33	1649,33
977,33	1573,33
977,33	2554,33
977,33	979,33
977,33	1731,33
977,33	2376,33
977,33	978,33
977,33	3031,33
977,33	1644,33
977,33	2907,33
977,33	1239,60
977,33	3139,33
977,33	1645,33
977,33	1647,33
977,33	980,33
977,33	1646,33
977,33	3230,33
978,33	1239,60
978,33	1647,33
978,33	980,33
978,33	3135,33
978,33	2554,33
978,33	1649,33
978,33	2907,33
978,33	3031,33
978,33	2979,33
978,33	3230,33
978,33	3214,60
978,33	979,33
978,33	1731,33
978,33	1573,33
978,33	2376,33
978,33	3387,33
978,33	3139,33
978,33	1644,33
978,33	1645,33
978,33	3138,33
978,33	1646,33
979,33	1646,33
979,33	980,33
979,33	1573,33
979,33	2376,33
979,33	1644,33
979,33	1645,33
979,33	1647,33
979,33	2554,33
979,33	1649,33
979,33	2907,33
979,33	2979,33
979,33	3031,33
979,33	3135,33
979,33	3138,33
979,33	3139,33
979,33	1731,33
979,33	3214,60
979,33	3230,33
979,33	3387,33
979,33	1239,60
980,33	3138,33
980,33	1644,33
980,33	2376,33
980,33	3139,33
980,33	1573,33
980,33	1239,60
980,33	1731,33
980,33	3214,60
980,33	3230,33
980,33	2979,33
980,33	2907,33
980,33	1649,33
980,33	3031,33
980,33	2554,33
980,33	1647,33
980,33	3135,33
980,33	1646,33
980,33	1645,33
980,33	3387,33
986,36	1810,36
986,36	1885,36
986,36	1684,36
986,36	1683,36
986,36	1682,36
986,36	1906,36
986,36	1641,36
986,36	1593,36
986,36	1583,36
986,36	1482,36
986,36	1967,36
986,36	1995,36
986,36	2001,36
986,36	2031,36
986,36	1069,36
986,36	2162,36
986,36	2270,36
986,36	2391,36
986,36	2406,36
986,36	2488,36
986,36	2814,36
986,36	2863,36
986,36	3618,36
986,36	3650,36
990,3	1580,3
990,3	2862,3
990,3	3513,3
993,3	3612,3
993,3	994,3
993,3	995,3
994,3	995,3
994,3	3612,3
995,3	3612,3
1002,3	1623,3
1002,3	1422,3
1002,3	1424,3
1009,5	1011,5
1009,5	2018,5
1009,5	1010,5
1009,5	1159,5
1009,5	3271,5
1010,5	1011,5
1010,5	1159,5
1010,5	3271,5
1010,5	2018,5
1011,5	2018,5
1011,5	1159,5
1011,5	3271,5
1013,17	1023,17
1013,17	1014,17
1013,17	1026,17
1013,17	1015,17
1013,17	1022,17
1013,17	1018,17
1013,17	1016,17
1013,17	1020,17
1013,17	1021,17
1013,17	1048,17
1013,17	1161,17
1013,17	1019,17
1013,17	1177,17
1013,17	1025,17
1013,17	1165,17
1014,17	1021,17
1014,17	1048,17
1014,17	1019,17
1014,17	1023,17
1014,17	1018,17
1014,17	1016,17
1014,17	1015,17
1014,17	1025,17
1014,17	1165,17
1014,17	1022,17
1014,17	1161,17
1014,17	1026,17
1014,17	1020,17
1014,17	1177,17
1015,17	1022,17
1015,17	1021,17
1015,17	1165,17
1015,17	1161,17
1015,17	1048,17
1015,17	1177,17
1015,17	1026,17
1015,17	1025,17
1015,17	1016,17
1015,17	1023,17
1015,17	1018,17
1015,17	1019,17
1015,17	1020,17
1016,17	1177,17
1016,17	1048,17
1016,17	1161,17
1016,17	1026,17
1016,17	1165,17
1016,17	1025,17
1016,17	1020,17
1016,17	1023,17
1016,17	1022,17
1016,17	1018,17
1016,17	1019,17
1016,17	1021,17
1018,17	1022,17
1018,17	1048,17
1018,17	1021,17
1018,17	1023,17
1018,17	1025,17
1018,17	1019,17
1018,17	1165,17
1018,17	1026,17
1018,17	1161,17
1018,17	1020,17
1018,17	1177,17
1019,17	1025,17
1019,17	1023,17
1019,17	1021,17
1019,17	1161,17
1019,17	1048,17
1019,17	1022,17
1019,17	1177,17
1019,17	1165,17
1019,17	1026,17
1019,17	1020,17
1020,17	1026,17
1020,17	1025,17
1020,17	1177,17
1020,17	1165,17
1020,17	1161,17
1020,17	1021,17
1020,17	1048,17
1020,17	1022,17
1020,17	1023,17
1021,17	1165,17
1021,17	1048,17
1021,17	1023,17
1021,17	1161,17
1021,17	1025,17
1021,17	1177,17
1021,17	1026,17
1021,17	1022,17
1022,17	1026,17
1022,17	1048,17
1022,17	1025,17
1022,17	1165,17
1022,17	1161,17
1022,17	1023,17
1022,17	1177,17
1023,17	1026,17
1023,17	1177,17
1023,17	1161,17
1023,17	1165,17
1023,17	1025,17
1023,17	1048,17
1025,17	1048,17
1025,17	1161,17
1025,17	1026,17
1025,17	1177,17
1025,17	1165,17
1026,17	1165,17
1026,17	1177,17
1026,17	1048,17
1026,17	1161,17
1032,20	2615,20
1032,20	1370,20
1032,20	3272,20
1032,20	2750,20
1032,20	2691,20
1032,20	2690,20
1032,20	1033,20
1032,20	2469,20
1032,20	3512,20
1032,20	2128,20
1033,20	2750,20
1033,20	2615,20
1033,20	2469,20
1033,20	3512,20
1033,20	2128,20
1033,20	2690,20
1033,20	1370,20
1033,20	3272,20
1033,20	2691,20
1036,14	1207,14
1036,14	1295,14
1036,14	1294,14
1036,14	2364,14
1036,14	1443,14
1036,14	2140,14
1036,14	1812,14
1036,14	1807,14
1036,14	1156,14
1036,14	1208,14
1037,6	1242,6
1037,6	1209,6
1037,6	1240,6
1037,6	1244,6
1037,6	1241,6
1037,6	1243,6
1038,23	2743,23
1038,23	2385,42
1038,23	2148,14
1038,23	2095,23
1038,23	1325,35
1038,23	3186,14
1038,23	2097,14
1038,23	3060,14
1038,23	2570,43
1038,23	2096,14
1038,23	1634,14
1038,23	3664,23
1038,23	2568,43
1038,23	1328,35
1038,23	2356,42
1038,23	1425,23
1043,4	1707,4
1043,4	2765,4
1043,4	1250,4
1048,17	1177,17
1048,17	1165,17
1048,17	1161,17
1049,1	1052,1
1059,26	1264,26
1059,26	1204,26
1059,26	1266,26
1059,26	1060,26
1059,26	1493,26
1059,26	1267,26
1059,26	2669,26
1059,26	1062,26
1060,26	2669,26
1060,26	1267,26
1060,26	1264,26
1060,26	1266,26
1060,26	1493,26
1060,26	1062,26
1060,26	1204,26
1062,26	2669,26
1062,26	1266,26
1062,26	1204,26
1062,26	1264,26
1062,26	1267,26
1062,26	1493,26
1063,1	1067,1
1069,36	1683,36
1069,36	1482,36
1069,36	2001,36
1069,36	3650,36
1069,36	1810,36
1069,36	2031,36
1069,36	2488,36
1069,36	1995,36
1069,36	3618,36
1069,36	2406,36
1069,36	2162,36
1069,36	1641,36
1069,36	2391,36
1069,36	2814,36
1069,36	1885,36
1069,36	2270,36
1069,36	1906,36
1069,36	1593,36
1069,36	1583,36
1069,36	2863,36
1069,36	1682,36
1069,36	1967,36
1069,36	1684,36
1070,2	1966,2
1073,2	3486,2
1081,14	3163,17
1081,14	2933,17
1081,14	3229,14
1081,14	1431,14
1081,14	2811,17
1081,14	3002,14
1081,14	3266,17
1081,14	2439,17
1081,14	2892,17
1081,14	3156,14
1081,14	2302,14
1081,14	3632,17
1081,14	2943,17
1102,11	2568,43
1102,11	1539,11
1102,11	3253,11
1102,11	2570,43
1102,11	3338,11
1102,11	1893,20
1102,11	3561,11
1102,11	3395,11
1105,2	1964,2
1105,2	1107,2
1106,5	1739,5
1106,5	1771,5
1106,5	1616,5
1106,5	1740,5
1107,2	1964,2
1112,5	3495,5
1112,5	3494,5
1112,5	1268,5
1112,5	2945,5
1112,5	2220,5
1113,12	3663,12
1113,12	2534,12
1113,12	3563,12
1113,12	3418,12
1113,12	1529,12
1113,12	2616,12
1113,12	1284,12
1113,12	2983,12
1113,12	3537,12
1113,12	3611,12
1115,23	1855,16
1115,23	1475,23
1115,23	2402,53
1115,23	1537,23
1131,10	2453,10
1131,10	1853,10
1131,10	3242,10
1131,10	2681,10
1131,10	2133,10
1131,10	3638,10
1135,2	2184,2
1135,2	1136,2
1136,2	2184,2
1137,5	1142,5
1137,5	1140,5
1137,5	1143,5
1137,5	1141,5
1140,5	1142,5
1140,5	1141,5
1140,5	1143,5
1141,5	1143,5
1141,5	1142,5
1142,5	1143,5
1144,2	3380,2
1144,2	3379,2
1146,6	2384,6
1146,6	1238,6
1146,6	1236,6
1146,6	2818,6
1146,6	1337,6
1146,6	2661,6
1150,6	2524,6
1150,6	2326,6
1151,4	2317,4
1151,4	2621,4
1151,4	1483,4
1151,4	2318,4
1153,24	2577,24
1153,24	2507,24
1153,24	3554,24
1153,24	2839,24
1153,24	1500,24
1153,24	2793,24
1153,24	1800,24
1153,24	2129,24
1153,24	2984,24
1153,24	2881,24
1156,14	1294,14
1156,14	2140,14
1156,14	1207,14
1156,14	1812,14
1156,14	1208,14
1156,14	1443,14
1156,14	1807,14
1156,14	1295,14
1156,14	2364,14
1158,8	2852,8
1158,8	1439,8
1158,8	3431,8
1158,8	1732,8
1158,8	1594,8
1158,8	1733,8
1158,8	1595,8
1159,5	2018,5
1159,5	3271,5
1161,17	1177,17
1161,17	1165,17
1165,17	1177,17
1167,38	2448,29
1167,38	3084,38
1167,38	1776,26
1167,38	2604,26
1167,38	1690,38
1167,38	2648,38
1167,38	1653,38
1167,38	1846,29
1167,38	3199,29
1167,38	2772,38
1167,38	2282,29
1167,38	1298,38
1167,38	1652,38
1167,38	1654,38
1167,38	2281,29
1167,38	2845,29
1167,38	1758,38
1167,38	2576,29
1167,38	2252,26
1167,38	1650,38
1167,38	2516,38
1167,38	1772,38
1199,9	1636,9
1199,9	2592,9
1199,9	1767,9
1199,9	3428,9
1199,9	2959,9
1199,9	1200,9
1200,9	2592,9
1200,9	1636,9
1200,9	2959,9
1200,9	3428,9
1200,9	1767,9
1201,3	1448,3
1201,3	2762,3
1204,26	1267,26
1204,26	1493,26
1204,26	1264,26
1204,26	1266,26
1204,26	2669,26
1207,14	2140,14
1207,14	1443,14
1207,14	1208,14
1207,14	1807,14
1207,14	1812,14
1207,14	1294,14
1207,14	2364,14
1207,14	1295,14
1208,14	1294,14
1208,14	2364,14
1208,14	2140,14
1208,14	1443,14
1208,14	1807,14
1208,14	1812,14
1208,14	1295,14
1209,6	1244,6
1209,6	1240,6
1209,6	1241,6
1209,6	1243,6
1209,6	1242,6
1214,24	2568,43
1214,24	2972,21
1214,24	3252,21
1214,24	2296,21
1214,24	1325,35
1214,24	3068,5
1214,24	2647,21
1214,24	1328,35
1214,24	1943,5
1214,24	2479,16
1214,24	2570,43
1214,24	2385,42
1214,24	1618,16
1214,24	2356,42
1214,24	1892,21
1236,6	2661,6
1236,6	2384,6
1236,6	1337,6
1236,6	1238,6
1236,6	2818,6
1238,6	2384,6
1238,6	2818,6
1238,6	1337,6
1238,6	2661,6
1239,60	2907,33
1239,60	1731,33
1239,60	1573,33
1239,60	2092,29
1239,60	1649,33
1239,60	1918,29
1239,60	1644,33
1239,60	3214,60
1239,60	2537,29
1239,60	1919,29
1239,60	3139,33
1239,60	1693,29
1239,60	3138,33
1239,60	3135,33
1239,60	3215,29
1239,60	1921,29
1239,60	3230,33
1239,60	3387,33
1239,60	2979,33
1239,60	3031,33
1239,60	2554,33
1239,60	1922,29
1239,60	1646,33
1239,60	1917,29
1239,60	1915,29
1239,60	1645,33
1239,60	1647,33
1239,60	2376,33
1239,60	3212,29
1240,6	1244,6
1240,6	1242,6
1240,6	1241,6
1240,6	1243,6
1241,6	1242,6
1241,6	1244,6
1241,6	1243,6
1242,6	1243,6
1242,6	1244,6
1243,6	1244,6
1250,4	1707,4
1250,4	2765,4
1254,3	1925,3
1254,3	1928,3
1254,3	1774,3
1264,26	2669,26
1264,26	1266,26
1264,26	1267,26
1264,26	1493,26
1266,26	2669,26
1266,26	1493,26
1266,26	1267,26
1267,26	1493,26
1267,26	2669,26
1268,5	2220,5
1268,5	3494,5
1268,5	2945,5
1268,5	3495,5
1271,9	3340,9
1271,9	1879,9
1271,9	3487,9
1271,9	1996,9
1271,9	1991,9
1271,9	1686,9
1271,9	3605,9
1271,9	2521,9
1271,9	1989,9
1277,6	2286,6
1277,6	2288,6
1277,6	1970,6
1277,6	2284,6
1277,6	2289,6
1277,6	2285,6
1278,12	3562,12
1278,12	3538,12
1278,12	2468,12
1278,12	2191,12
1278,12	3227,12
1278,12	1672,12
1278,12	3599,12
1279,2	2506,2
1280,1	1282,1
1281,2	3206,2
1281,2	2719,2
1284,12	3418,12
1284,12	2616,12
1284,12	2534,12
1284,12	3563,12
1284,12	3663,12
1284,12	3611,12
1284,12	2983,12
1284,12	1529,12
1284,12	3537,12
1294,14	2140,14
1294,14	1812,14
1294,14	1443,14
1294,14	2364,14
1294,14	1807,14
1294,14	1295,14
1295,14	1443,14
1295,14	1807,14
1295,14	2364,14
1295,14	1812,14
1295,14	2140,14
1298,38	2576,29
1298,38	2845,29
1298,38	1652,38
1298,38	1776,26
1298,38	2281,29
1298,38	1653,38
1298,38	3084,38
1298,38	2772,38
1298,38	2604,26
1298,38	1690,38
1298,38	2648,38
1298,38	2448,29
1298,38	1654,38
1298,38	2516,38
1298,38	1772,38
1298,38	1650,38
1298,38	1846,29
1298,38	3199,29
1298,38	2252,26
1298,38	2282,29
1298,38	1758,38
1306,1	2723,1
1323,15	1545,15
1323,15	2568,43
1323,15	2385,42
1323,15	1328,35
1323,15	2570,43
1323,15	1325,35
1323,15	2356,42
1323,15	1327,15
1323,15	1544,15
1323,15	1546,15
1325,35	1781,12
1325,35	1545,15
1325,35	2568,43
1325,35	2647,21
1325,35	1328,35
1325,35	1892,21
1325,35	2385,42
1325,35	2743,23
1325,35	1782,12
1325,35	2972,21
1325,35	2095,23
1325,35	2296,21
1325,35	1327,15
1325,35	1334,11
1325,35	1893,20
1325,35	1546,15
1325,35	1425,23
1325,35	2356,42
1325,35	1544,15
1325,35	3252,21
1325,35	3664,23
1325,35	2570,43
1327,15	2570,43
1327,15	2385,42
1327,15	2356,42
1327,15	1544,15
1327,15	2568,43
1327,15	1328,35
1327,15	1546,15
1327,15	1545,15
1328,35	2095,23
1328,35	2972,21
1328,35	2296,21
1328,35	1425,23
1328,35	1781,12
1328,35	1544,15
1328,35	1334,11
1328,35	2356,42
1328,35	1545,15
1328,35	3252,21
1328,35	1782,12
1328,35	1892,21
1328,35	1546,15
1328,35	2570,43
1328,35	1893,20
1328,35	2743,23
1328,35	3664,23
1328,35	2647,21
1328,35	2385,42
1328,35	2568,43
1334,11	2385,42
1334,11	2356,42
1334,11	2568,43
1334,11	2570,43
1337,6	2384,6
1337,6	2818,6
1337,6	2661,6
1363,7	2342,7
1363,7	3545,7
1363,7	3492,7
1363,7	3136,7
1370,20	2128,20
1370,20	2750,20
1370,20	2690,20
1370,20	2691,20
1370,20	3272,20
1370,20	2469,20
1370,20	2615,20
1370,20	3512,20
1404,5	2613,5
1404,5	2612,5
1404,5	1984,5
1404,5	3624,5
1404,5	1986,5
1422,3	1623,3
1422,3	1424,3
1424,3	1623,3
1425,23	2148,14
1425,23	1634,14
1425,23	2568,43
1425,23	2385,42
1425,23	2096,14
1425,23	3186,14
1425,23	2743,23
1425,23	2570,43
1425,23	2356,42
1425,23	2097,14
1425,23	3664,23
1425,23	3060,14
1425,23	2095,23
1431,14	2302,14
1431,14	3163,17
1431,14	2439,17
1431,14	2811,17
1431,14	3229,14
1431,14	2892,17
1431,14	3156,14
1431,14	2933,17
1431,14	2943,17
1431,14	3632,17
1431,14	3002,14
1431,14	3266,17
1439,8	1732,8
1439,8	1733,8
1439,8	2852,8
1439,8	1594,8
1439,8	3431,8
1439,8	1595,8
1443,14	1807,14
1443,14	2140,14
1443,14	2364,14
1443,14	1812,14
1448,3	2762,3
1452,10	2241,10
1452,10	1454,10
1452,10	2240,10
1452,10	3375,10
1452,10	1911,10
1452,10	1453,10
1452,10	2238,10
1453,10	2238,10
1453,10	3375,10
1453,10	2241,10
1453,10	1454,10
1453,10	1911,10
1453,10	2240,10
1454,10	1911,10
1454,10	3375,10
1454,10	2241,10
1454,10	2240,10
1454,10	2238,10
1475,23	1537,23
1475,23	1855,16
1475,23	2402,53
1479,9	3193,9
1479,9	2304,9
1479,9	3192,9
1479,9	2859,9
1479,9	1815,9
1479,9	2955,9
1479,9	2032,9
1479,9	3194,9
1481,1	2829,1
1482,36	2391,36
1482,36	2031,36
1482,36	2814,36
1482,36	3650,36
1482,36	1810,36
1482,36	2488,36
1482,36	2270,36
1482,36	1906,36
1482,36	1885,36
1482,36	1995,36
1482,36	1593,36
1482,36	3618,36
1482,36	1583,36
1482,36	1641,36
1482,36	2863,36
1482,36	2162,36
1482,36	1682,36
1482,36	2001,36
1482,36	2406,36
1482,36	1967,36
1482,36	1684,36
1482,36	1683,36
1483,4	2317,4
1483,4	2318,4
1483,4	2621,4
1493,26	2669,26
1497,4	1750,4
1497,4	2525,4
1499,50	2233,50
1499,50	1894,42
1499,50	3150,50
1499,50	2403,50
1499,50	1896,42
1499,50	3384,50
1499,50	2684,50
1499,50	2010,42
1499,50	2402,53
1499,50	2341,50
1499,50	3369,17
1500,24	2839,24
1500,24	2881,24
1500,24	2984,24
1500,24	2129,24
1500,24	2507,24
1500,24	3554,24
1500,24	1800,24
1500,24	2793,24
1500,24	2577,24
1529,12	3418,12
1529,12	2983,12
1529,12	3663,12
1529,12	3537,12
1529,12	3563,12
1529,12	3611,12
1529,12	2616,12
1529,12	2534,12
1537,23	1855,16
1537,23	2402,53
1539,11	3338,11
1539,11	2570,43
1539,11	1893,20
1539,11	3253,11
1539,11	3395,11
1539,11	2568,43
1539,11	3561,11
1544,15	2356,42
1544,15	1546,15
1544,15	2568,43
1544,15	2385,42
1544,15	2570,43
1544,15	1545,15
1545,15	2385,42
1545,15	2568,43
1545,15	1546,15
1545,15	2570,43
1545,15	2356,42
1546,15	2568,43
1546,15	2356,42
1546,15	2385,42
1546,15	2570,43
1547,4	1556,4
1547,4	1551,4
1547,4	1553,4
1547,4	1552,4
1551,4	1556,4
1551,4	1553,4
1551,4	1552,4
1552,4	1556,4
1552,4	1553,4
1553,4	1556,4
1567,7	3179,7
1567,7	3177,7
1567,7	1569,7
1569,7	3177,7
1569,7	3179,7
1570,1	3081,1
1573,33	1649,33
1573,33	3135,33
1573,33	2554,33
1573,33	3214,60
1573,33	3139,33
1573,33	1646,33
1573,33	2907,33
1573,33	3138,33
1573,33	2979,33
1573,33	1645,33
1573,33	3031,33
1573,33	3387,33
1573,33	1644,33
1573,33	2376,33
1573,33	1647,33
1573,33	3230,33
1573,33	1731,33
1577,3	2348,3
1580,3	3513,3
1580,3	2862,3
1583,36	1683,36
1583,36	1593,36
1583,36	1995,36
1583,36	3618,36
1583,36	1641,36
1583,36	2863,36
1583,36	2162,36
1583,36	1885,36
1583,36	2270,36
1583,36	2488,36
1583,36	1810,36
1583,36	1906,36
1583,36	1684,36
1583,36	3650,36
1583,36	1967,36
1583,36	1682,36
1583,36	2814,36
1583,36	2031,36
1583,36	2001,36
1583,36	2406,36
1583,36	2391,36
1592,5	1725,5
1592,5	3569,5
1592,5	3224,5
1592,5	2430,5
1592,5	3044,5
1593,36	2031,36
1593,36	1682,36
1593,36	1906,36
1593,36	2406,36
1593,36	2814,36
1593,36	1683,36
1593,36	1967,36
1593,36	3650,36
1593,36	1810,36
1593,36	2488,36
1593,36	1684,36
1593,36	2270,36
1593,36	1885,36
1593,36	1641,36
1593,36	2863,36
1593,36	2391,36
1593,36	3618,36
1593,36	1995,36
1593,36	2162,36
1593,36	2001,36
1594,8	1732,8
1594,8	1595,8
1594,8	1733,8
1594,8	2852,8
1594,8	3431,8
1595,8	1733,8
1595,8	3431,8
1595,8	2852,8
1595,8	1732,8
1610,2	2812,2
1616,5	1771,5
1616,5	1740,5
1616,5	1739,5
1618,16	2296,21
1618,16	2479,16
1618,16	2647,21
1618,16	3068,5
1618,16	1943,5
1618,16	1892,21
1618,16	2972,21
1618,16	3252,21
1634,14	2097,14
1634,14	2743,23
1634,14	2385,42
1634,14	2096,14
1634,14	3186,14
1634,14	3060,14
1634,14	2356,42
1634,14	2148,14
1634,14	2095,23
1634,14	3664,23
1636,9	2959,9
1636,9	3428,9
1636,9	1767,9
1636,9	2592,9
1638,2	2932,2
1638,2	1729,2
1641,36	2270,36
1641,36	1684,36
1641,36	2406,36
1641,36	2391,36
1641,36	2001,36
1641,36	1995,36
1641,36	3618,36
1641,36	2814,36
1641,36	2863,36
1641,36	1810,36
1641,36	1906,36
1641,36	2162,36
1641,36	1967,36
1641,36	1683,36
1641,36	2031,36
1641,36	3650,36
1641,36	2488,36
1641,36	1885,36
1641,36	1682,36
1644,33	2554,33
1644,33	3387,33
1644,33	3031,33
1644,33	3230,33
1644,33	1645,33
1644,33	1731,33
1644,33	3139,33
1644,33	2979,33
1644,33	2907,33
1644,33	3138,33
1644,33	2376,33
1644,33	3135,33
1644,33	3214,60
1644,33	1647,33
1644,33	1649,33
1644,33	1646,33
1645,33	2554,33
1645,33	3387,33
1645,33	3230,33
1645,33	3214,60
1645,33	1731,33
1645,33	3139,33
1645,33	3138,33
1645,33	3135,33
1645,33	3031,33
1645,33	2979,33
1645,33	2907,33
1645,33	2376,33
1645,33	1646,33
1645,33	1649,33
1645,33	1647,33
1646,33	3031,33
1646,33	2979,33
1646,33	3138,33
1646,33	3387,33
1646,33	3230,33
1646,33	2554,33
1646,33	3135,33
1646,33	3214,60
1646,33	2907,33
1646,33	1649,33
1646,33	2376,33
1646,33	1647,33
1646,33	3139,33
1646,33	1731,33
1647,33	3031,33
1647,33	2554,33
1647,33	2979,33
1647,33	2907,33
1647,33	2376,33
1647,33	3214,60
1647,33	3138,33
1647,33	3387,33
1647,33	3230,33
1647,33	1649,33
1647,33	3139,33
1647,33	3135,33
1647,33	1731,33
1649,33	2979,33
1649,33	2554,33
1649,33	2376,33
1649,33	3031,33
1649,33	3214,60
1649,33	2907,33
1649,33	3135,33
1649,33	3230,33
1649,33	3138,33
1649,33	3387,33
1649,33	1731,33
1649,33	3139,33
1650,38	1690,38
1650,38	3199,29
1650,38	1772,38
1650,38	1846,29
1650,38	1776,26
1650,38	2772,38
1650,38	2576,29
1650,38	2648,38
1650,38	2252,26
1650,38	2448,29
1650,38	3084,38
1650,38	2516,38
1650,38	1758,38
1650,38	1652,38
1650,38	2845,29
1650,38	2282,29
1650,38	2281,29
1650,38	1653,38
1650,38	2604,26
1650,38	1654,38
1652,38	2648,38
1652,38	2772,38
1652,38	2516,38
1652,38	1690,38
1652,38	1653,38
1652,38	2576,29
1652,38	2604,26
1652,38	1846,29
1652,38	2252,26
1652,38	2282,29
1652,38	3199,29
1652,38	1758,38
1652,38	1772,38
1652,38	2448,29
1652,38	2845,29
1652,38	1654,38
1652,38	3084,38
1652,38	1776,26
1652,38	2281,29
1653,38	2576,29
1653,38	2845,29
1653,38	3084,38
1653,38	3199,29
1653,38	2448,29
1653,38	2648,38
1653,38	1846,29
1653,38	1772,38
1653,38	1654,38
1653,38	1758,38
1653,38	1690,38
1653,38	2252,26
1653,38	2282,29
1653,38	1776,26
1653,38	2772,38
1653,38	2604,26
1653,38	2516,38
1653,38	2281,29
1654,38	2576,29
1654,38	2448,29
1654,38	2281,29
1654,38	1772,38
1654,38	3084,38
1654,38	2648,38
1654,38	1690,38
1654,38	2252,26
1654,38	1758,38
1654,38	2604,26
1654,38	3199,29
1654,38	2282,29
1654,38	1846,29
1654,38	2845,29
1654,38	2516,38
1654,38	1776,26
1654,38	2772,38
1672,12	3538,12
1672,12	3599,12
1672,12	2468,12
1672,12	2191,12
1672,12	3562,12
1672,12	3227,12
1682,36	2031,36
1682,36	1810,36
1682,36	1885,36
1682,36	2001,36
1682,36	2162,36
1682,36	1683,36
1682,36	1906,36
1682,36	2391,36
1682,36	2863,36
1682,36	2406,36
1682,36	2488,36
1682,36	1684,36
1682,36	3618,36
1682,36	2270,36
1682,36	3650,36
1682,36	2814,36
1682,36	1995,36
1682,36	1967,36
1683,36	2814,36
1683,36	2031,36
1683,36	1967,36
1683,36	3618,36
1683,36	1684,36
1683,36	2270,36
1683,36	2162,36
1683,36	2488,36
1683,36	1906,36
1683,36	1810,36
1683,36	2001,36
1683,36	2863,36
1683,36	3650,36
1683,36	1885,36
1683,36	2391,36
1683,36	2406,36
1683,36	1995,36
1684,36	2270,36
1684,36	1995,36
1684,36	2406,36
1684,36	2814,36
1684,36	1885,36
1684,36	3650,36
1684,36	2031,36
1684,36	1967,36
1684,36	2001,36
1684,36	3618,36
1684,36	1810,36
1684,36	2488,36
1684,36	2863,36
1684,36	1906,36
1684,36	2162,36
1684,36	2391,36
1686,9	1879,9
1686,9	1989,9
1686,9	1991,9
1686,9	3487,9
1686,9	3340,9
1686,9	1996,9
1686,9	3605,9
1686,9	2521,9
1690,38	2648,38
1690,38	2772,38
1690,38	2516,38
1690,38	2252,26
1690,38	2576,29
1690,38	1758,38
1690,38	2845,29
1690,38	2604,26
1690,38	2281,29
1690,38	3199,29
1690,38	1846,29
1690,38	2282,29
1690,38	1772,38
1690,38	1776,26
1690,38	3084,38
1690,38	2448,29
1693,29	1917,29
1693,29	1922,29
1693,29	2537,29
1693,29	1921,29
1693,29	1919,29
1693,29	3212,29
1693,29	2092,29
1693,29	1918,29
1693,29	1915,29
1693,29	3214,60
1693,29	3215,29
1707,4	2765,4
1710,4	2380,4
1710,4	2267,4
1710,4	3411,4
1710,4	2597,4
1719,2	2905,2
1719,2	2906,2
1725,5	3224,5
1725,5	2430,5
1725,5	3044,5
1725,5	3569,5
1729,2	2932,2
1731,33	3214,60
1731,33	2979,33
1731,33	2554,33
1731,33	3031,33
1731,33	3230,33
1731,33	3135,33
1731,33	2376,33
1731,33	3138,33
1731,33	2907,33
1731,33	3139,33
1731,33	3387,33
1732,8	2852,8
1732,8	1733,8
1732,8	3431,8
1733,8	3431,8
1733,8	2852,8
1739,5	1771,5
1739,5	1740,5
1740,5	1771,5
1750,4	2525,4
1758,38	2281,29
1758,38	2604,26
1758,38	2576,29
1758,38	1846,29
1758,38	1776,26
1758,38	2448,29
1758,38	3199,29
1758,38	2252,26
1758,38	2282,29
1758,38	2516,38
1758,38	3084,38
1758,38	2648,38
1758,38	2845,29
1758,38	1772,38
1758,38	2772,38
1767,9	2592,9
1767,9	2959,9
1767,9	3428,9
1770,4	1977,4
1770,4	1972,4
1770,4	1974,4
1770,4	3233,4
1772,38	3084,38
1772,38	2772,38
1772,38	2648,38
1772,38	1846,29
1772,38	2252,26
1772,38	2576,29
1772,38	3199,29
1772,38	2448,29
1772,38	2845,29
1772,38	2604,26
1772,38	2281,29
1772,38	1776,26
1772,38	2282,29
1772,38	2516,38
1774,3	1925,3
1774,3	1928,3
1776,26	2604,26
1776,26	3084,38
1776,26	2516,38
1776,26	2252,26
1776,26	2772,38
1776,26	2648,38
1781,12	2385,42
1781,12	2568,43
1781,12	1782,12
1781,12	2356,42
1781,12	2570,43
1782,12	2385,42
1782,12	2570,43
1782,12	2356,42
1782,12	2568,43
1800,24	2507,24
1800,24	2129,24
1800,24	2984,24
1800,24	2839,24
1800,24	3554,24
1800,24	2577,24
1800,24	2881,24
1800,24	2793,24
1807,14	2364,14
1807,14	2140,14
1807,14	1812,14
1810,36	3618,36
1810,36	2391,36
1810,36	1906,36
1810,36	2162,36
1810,36	2488,36
1810,36	1995,36
1810,36	2814,36
1810,36	2406,36
1810,36	2270,36
1810,36	2031,36
1810,36	1885,36
1810,36	2001,36
1810,36	1967,36
1810,36	2863,36
1810,36	3650,36
1812,14	2140,14
1812,14	2364,14
1815,9	2032,9
1815,9	2304,9
1815,9	2859,9
1815,9	3192,9
1815,9	3194,9
1815,9	3193,9
1815,9	2955,9
1816,3	2138,3
1816,3	2929,3
1816,3	2653,3
1818,6	3399,6
1818,6	2496,6
1818,6	2566,6
1818,6	3198,6
1818,6	1887,6
1818,6	2369,6
1821,4	1826,4
1821,4	1827,4
1821,4	1823,4
1822,3	3124,3
1822,3	1971,3
1823,4	1827,4
1823,4	1826,4
1824,1	2891,1
1826,4	1827,4
1846,29	2448,29
1846,29	2576,29
1846,29	2282,29
1846,29	2516,38
1846,29	3199,29
1846,29	2845,29
1846,29	3084,38
1846,29	2281,29
1846,29	2772,38
1846,29	2648,38
1853,10	2133,10
1853,10	3242,10
1853,10	2453,10
1853,10	3638,10
1853,10	2681,10
1879,9	3340,9
1879,9	1996,9
1879,9	3605,9
1879,9	3487,9
1879,9	2521,9
1879,9	1991,9
1879,9	1989,9
1885,36	2814,36
1885,36	2270,36
1885,36	2488,36
1885,36	3618,36
1885,36	2863,36
1885,36	2031,36
1885,36	1906,36
1885,36	2391,36
1885,36	2162,36
1885,36	1995,36
1885,36	1967,36
1885,36	2406,36
1885,36	3650,36
1885,36	2001,36
1887,6	2566,6
1887,6	2496,6
1887,6	3399,6
1887,6	3198,6
1887,6	2369,6
1892,21	3252,21
1892,21	2479,16
1892,21	2568,43
1892,21	2356,42
1892,21	2972,21
1892,21	2385,42
1892,21	2647,21
1892,21	2570,43
1892,21	2296,21
1893,20	2356,42
1893,20	3338,11
1893,20	3561,11
1893,20	3395,11
1893,20	3253,11
1893,20	2385,42
1893,20	2570,43
1893,20	2568,43
1894,42	1896,42
1894,42	2233,50
1894,42	2684,50
1894,42	2341,50
1894,42	2402,53
1894,42	3150,50
1894,42	2010,42
1894,42	2403,50
1894,42	3384,50
1896,42	3150,50
1896,42	2684,50
1896,42	2403,50
1896,42	2010,42
1896,42	3384,50
1896,42	2233,50
1896,42	2341,50
1896,42	2402,53
1906,36	1967,36
1906,36	2863,36
1906,36	2270,36
1906,36	2814,36
1906,36	2391,36
1906,36	2162,36
1906,36	2406,36
1906,36	2488,36
1906,36	3618,36
1906,36	2031,36
1906,36	1995,36
1906,36	3650,36
1906,36	2001,36
1911,10	2241,10
1911,10	2238,10
1911,10	2240,10
1911,10	3375,10
1915,29	2537,29
1915,29	1921,29
1915,29	3215,29
1915,29	1918,29
1915,29	3212,29
1915,29	1919,29
1915,29	1922,29
1915,29	3214,60
1915,29	2092,29
1915,29	1917,29
1917,29	3212,29
1917,29	1922,29
1917,29	1921,29
1917,29	3215,29
1917,29	3214,60
1917,29	1919,29
1917,29	2537,29
1917,29	2092,29
1917,29	1918,29
1918,29	2537,29
1918,29	1922,29
1918,29	3212,29
1918,29	2092,29
1918,29	1919,29
1918,29	3215,29
1918,29	3214,60
1918,29	1921,29
1919,29	1921,29
1919,29	2092,29
1919,29	1922,29
1919,29	3212,29
1919,29	2537,29
1919,29	3215,29
1919,29	3214,60
1921,29	2092,29
1921,29	3215,29
1921,29	3214,60
1921,29	2537,29
1921,29	3212,29
1921,29	1922,29
1922,29	2092,29
1922,29	3214,60
1922,29	3215,29
1922,29	2537,29
1922,29	3212,29
1925,3	1928,3
1943,5	3068,5
1943,5	2479,16
1948,1	1949,1
1955,8	2581,8
1955,8	3373,8
1955,8	3656,8
1967,36	2391,36
1967,36	2814,36
1967,36	3650,36
1967,36	2001,36
1967,36	1995,36
1967,36	2406,36
1967,36	2162,36
1967,36	2031,36
1967,36	3618,36
1967,36	2488,36
1967,36	2270,36
1967,36	2863,36
1970,6	2284,6
1970,6	2285,6
1970,6	2286,6
1970,6	2288,6
1970,6	2289,6
1971,3	3124,3
1972,4	3233,4
1972,4	1974,4
1972,4	1977,4
1974,4	3233,4
1974,4	1977,4
1977,4	3233,4
1984,5	1986,5
1984,5	2613,5
1984,5	3624,5
1984,5	2612,5
1986,5	2612,5
1986,5	2613,5
1986,5	3624,5
1989,9	1991,9
1989,9	1996,9
1989,9	2521,9
1989,9	3340,9
1989,9	3487,9
1989,9	3605,9
1991,9	3605,9
1991,9	3340,9
1991,9	1996,9
1991,9	2521,9
1991,9	3487,9
1995,36	2391,36
1995,36	2406,36
1995,36	2001,36
1995,36	3650,36
1995,36	2863,36
1995,36	2270,36
1995,36	3618,36
1995,36	2814,36
1995,36	2488,36
1995,36	2162,36
1995,36	2031,36
1996,9	3487,9
1996,9	3605,9
1996,9	2521,9
1996,9	3340,9
1999,3	2000,3
2001,36	3650,36
2001,36	2031,36
2001,36	2863,36
2001,36	2391,36
2001,36	3618,36
2001,36	2488,36
2001,36	2814,36
2001,36	2270,36
2001,36	2162,36
2001,36	2406,36
2010,42	2341,50
2010,42	2233,50
2010,42	2402,53
2010,42	3384,50
2010,42	3150,50
2010,42	2684,50
2010,42	2403,50
2018,5	3271,5
2031,36	3650,36
2031,36	3618,36
2031,36	2863,36
2031,36	2162,36
2031,36	2270,36
2031,36	2406,36
2031,36	2488,36
2031,36	2391,36
2031,36	2814,36
2032,9	3192,9
2032,9	3193,9
2032,9	3194,9
2032,9	2304,9
2032,9	2859,9
2032,9	2955,9
2068,2	2297,2
2068,2	2389,2
2080,2	2606,2
2092,29	3214,60
2092,29	3212,29
2092,29	2537,29
2092,29	3215,29
2095,23	2570,43
2095,23	2356,42
2095,23	2743,23
2095,23	2148,14
2095,23	3664,23
2095,23	3060,14
2095,23	2097,14
2095,23	2096,14
2095,23	2385,42
2095,23	2568,43
2095,23	3186,14
2096,14	3060,14
2096,14	3664,23
2096,14	2148,14
2096,14	2385,42
2096,14	2743,23
2096,14	3186,14
2096,14	2356,42
2096,14	2097,14
2097,14	2743,23
2097,14	2356,42
2097,14	2385,42
2097,14	2148,14
2097,14	3186,14
2097,14	3664,23
2097,14	3060,14
2109,2	2110,2
2109,2	2111,2
2110,2	2111,2
2128,20	2750,20
2128,20	3272,20
2128,20	2469,20
2128,20	2690,20
2128,20	2615,20
2128,20	3512,20
2128,20	2691,20
2129,24	3554,24
2129,24	2984,24
2129,24	2881,24
2129,24	2577,24
2129,24	2793,24
2129,24	2507,24
2129,24	2839,24
2133,10	2681,10
2133,10	3242,10
2133,10	3638,10
2133,10	2453,10
2138,3	2929,3
2138,3	2653,3
2140,14	2364,14
2148,14	2743,23
2148,14	3664,23
2148,14	2385,42
2148,14	2356,42
2148,14	3060,14
2148,14	3186,14
2162,36	2391,36
2162,36	2406,36
2162,36	2488,36
2162,36	3618,36
2162,36	2863,36
2162,36	2270,36
2162,36	3650,36
2162,36	2814,36
2191,12	3599,12
2191,12	3562,12
2191,12	3227,12
2191,12	2468,12
2191,12	3538,12
2198,2	3032,2
2201,1	3353,1
2220,5	3495,5
2220,5	2945,5
2220,5	3494,5
2233,50	2403,50
2233,50	2684,50
2233,50	3150,50
2233,50	2402,53
2233,50	3369,17
2233,50	3384,50
2233,50	2341,50
2238,10	3375,10
2238,10	2240,10
2238,10	2241,10
2240,10	2241,10
2240,10	3375,10
2241,10	3375,10
2242,2	2311,2
2242,2	2268,2
2252,26	2516,38
2252,26	2772,38
2252,26	3084,38
2252,26	2604,26
2252,26	2648,38
2267,4	3411,4
2267,4	2380,4
2267,4	2597,4
2268,2	2311,2
2270,36	2406,36
2270,36	2391,36
2270,36	2863,36
2270,36	2814,36
2270,36	2488,36
2270,36	3618,36
2270,36	3650,36
2281,29	2282,29
2281,29	2448,29
2281,29	2845,29
2281,29	2516,38
2281,29	3199,29
2281,29	2772,38
2281,29	2648,38
2281,29	3084,38
2281,29	2576,29
2282,29	2448,29
2282,29	2576,29
2282,29	2772,38
2282,29	2845,29
2282,29	3199,29
2282,29	2516,38
2282,29	2648,38
2282,29	3084,38
2284,6	2286,6
2284,6	2289,6
2284,6	2288,6
2284,6	2285,6
2285,6	2289,6
2285,6	2286,6
2285,6	2288,6
2286,6	2289,6
2286,6	2288,6
2288,6	2289,6
2296,21	2479,16
2296,21	2385,42
2296,21	2356,42
2296,21	2647,21
2296,21	3252,21
2296,21	2972,21
2296,21	2570,43
2296,21	2568,43
2297,2	2389,2
2302,14	3266,17
2302,14	3632,17
2302,14	3163,17
2302,14	3156,14
2302,14	2439,17
2302,14	2933,17
2302,14	2943,17
2302,14	2811,17
2302,14	2892,17
2302,14	3002,14
2302,14	3229,14
2304,9	3194,9
2304,9	2859,9
2304,9	3193,9
2304,9	3192,9
2304,9	2955,9
2309,1	3047,1
2317,4	2318,4
2317,4	2621,4
2318,4	2621,4
2326,6	2524,6
2328,3	2630,3
2328,3	2631,3
2341,50	2403,50
2341,50	3150,50
2341,50	3369,17
2341,50	2402,53
2341,50	2684,50
2341,50	3384,50
2342,7	3136,7
2342,7	3545,7
2342,7	3492,7
2354,9	2439,17
2354,9	2811,17
2354,9	3632,17
2354,9	2933,17
2354,9	3163,17
2354,9	2943,17
2354,9	3266,17
2354,9	2989,9
2354,9	2892,17
2356,42	2972,21
2356,42	2570,43
2356,42	3252,21
2356,42	3186,14
2356,42	2647,21
2356,42	3664,23
2356,42	2568,43
2356,42	2385,42
2356,42	2743,23
2356,42	3060,14
2369,6	3399,6
2369,6	2496,6
2369,6	3198,6
2369,6	2566,6
2376,33	2554,33
2376,33	3031,33
2376,33	2907,33
2376,33	2979,33
2376,33	3139,33
2376,33	3387,33
2376,33	3214,60
2376,33	3138,33
2376,33	3135,33
2376,33	3230,33
2380,4	3411,4
2380,4	2597,4
2384,6	2818,6
2384,6	2661,6
2385,42	2568,43
2385,42	3060,14
2385,42	2570,43
2385,42	2647,21
2385,42	3664,23
2385,42	3252,21
2385,42	2743,23
2385,42	3186,14
2385,42	2972,21
2391,36	2814,36
2391,36	2488,36
2391,36	2863,36
2391,36	2406,36
2391,36	3618,36
2391,36	3650,36
2392,3	2393,3
2402,53	3384,50
2402,53	2684,50
2402,53	2403,50
2402,53	3150,50
2403,50	3384,50
2403,50	3150,50
2403,50	2684,50
2403,50	3369,17
2406,36	3618,36
2406,36	2488,36
2406,36	3650,36
2406,36	2814,36
2406,36	2863,36
2420,2	2422,2
2420,2	2421,2
2421,2	2422,2
2423,1	2424,1
2430,5	3569,5
2430,5	3044,5
2430,5	3224,5
2435,4	3188,4
2435,4	3160,4
2435,4	3187,4
2435,4	2528,4
2439,17	3229,14
2439,17	2811,17
2439,17	2989,9
2439,17	3002,14
2439,17	2892,17
2439,17	3163,17
2439,17	3156,14
2439,17	2933,17
2439,17	2748,8
2439,17	3632,17
2439,17	3266,17
2439,17	2943,17
2448,29	2516,38
2448,29	2576,29
2448,29	3084,38
2448,29	2845,29
2448,29	3199,29
2448,29	2648,38
2448,29	2772,38
2453,10	3638,10
2453,10	3242,10
2453,10	2681,10
2468,12	3562,12
2468,12	3538,12
2468,12	3227,12
2468,12	3599,12
2469,20	2615,20
2469,20	2690,20
2469,20	3512,20
2469,20	2750,20
2469,20	3272,20
2469,20	2691,20
2479,16	2647,21
2479,16	3068,5
2479,16	2972,21
2479,16	3252,21
2488,36	2863,36
2488,36	2814,36
2488,36	3650,36
2488,36	3618,36
2496,6	3198,6
2496,6	2566,6
2496,6	3399,6
2507,24	2793,24
2507,24	3554,24
2507,24	2577,24
2507,24	2881,24
2507,24	2984,24
2507,24	2839,24
2516,38	2845,29
2516,38	2772,38
2516,38	2604,26
2516,38	2648,38
2516,38	3084,38
2516,38	3199,29
2516,38	2576,29
2521,9	3487,9
2521,9	3340,9
2521,9	3605,9
2528,4	3187,4
2528,4	3160,4
2528,4	3188,4
2533,1	3085,1
2534,12	2616,12
2534,12	2983,12
2534,12	3611,12
2534,12	3563,12
2534,12	3663,12
2534,12	3418,12
2534,12	3537,12
2537,29	3215,29
2537,29	3212,29
2537,29	3214,60
2554,33	2979,33
2554,33	3230,33
2554,33	3135,33
2554,33	3214,60
2554,33	3139,33
2554,33	3138,33
2554,33	3031,33
2554,33	2907,33
2554,33	3387,33
2566,6	3198,6
2566,6	3399,6
2568,43	3395,11
2568,43	3664,23
2568,43	2647,21
2568,43	2972,21
2568,43	3338,11
2568,43	3561,11
2568,43	2743,23
2568,43	2570,43
2568,43	3252,21
2568,43	3253,11
2570,43	3252,21
2570,43	3253,11
2570,43	3395,11
2570,43	2647,21
2570,43	2972,21
2570,43	3338,11
2570,43	3561,11
2570,43	3664,23
2570,43	2743,23
2576,29	2845,29
2576,29	3084,38
2576,29	2648,38
2576,29	3199,29
2576,29	2772,38
2577,24	2881,24
2577,24	2984,24
2577,24	2839,24
2577,24	3554,24
2577,24	2793,24
2581,8	3656,8
2581,8	3373,8
2592,9	3428,9
2592,9	2959,9
2597,4	3411,4
2604,26	2772,38
2604,26	3084,38
2604,26	2648,38
2605,1	2697,1
2612,5	3624,5
2612,5	2613,5
2613,5	3624,5
2615,20	3272,20
2615,20	2691,20
2615,20	2690,20
2615,20	2750,20
2615,20	3512,20
2616,12	3537,12
2616,12	2983,12
2616,12	3563,12
2616,12	3611,12
2616,12	3418,12
2616,12	3663,12
2630,3	2631,3
2636,3	3604,3
2647,21	2972,21
2647,21	3252,21
2648,38	2772,38
2648,38	3199,29
2648,38	3084,38
2648,38	2845,29
2653,3	2929,3
2661,6	2818,6
2670,1	2671,1
2681,10	3242,10
2681,10	3638,10
2684,50	3369,17
2684,50	3384,50
2684,50	3150,50
2690,20	2750,20
2690,20	2691,20
2690,20	3512,20
2690,20	3272,20
2691,20	3512,20
2691,20	3272,20
2691,20	2750,20
2719,2	3206,2
2736,1	2737,1
2743,23	3186,14
2743,23	3060,14
2743,23	3664,23
2748,8	3632,17
2748,8	2933,17
2748,8	2811,17
2748,8	2892,17
2748,8	3266,17
2748,8	3163,17
2748,8	2943,17
2750,20	3272,20
2750,20	3512,20
2755,2	2756,2
2755,2	3505,2
2756,2	3505,2
2759,1	2761,1
2769,6	3262,6
2772,38	3084,38
2772,38	2845,29
2772,38	3199,29
2793,24	2984,24
2793,24	2839,24
2793,24	3554,24
2793,24	2881,24
2811,17	2892,17
2811,17	3163,17
2811,17	3156,14
2811,17	2933,17
2811,17	2943,17
2811,17	3229,14
2811,17	3632,17
2811,17	3266,17
2811,17	3002,14
2811,17	2989,9
2814,36	2863,36
2814,36	3618,36
2814,36	3650,36
2839,24	3554,24
2839,24	2984,24
2839,24	2881,24
2845,29	3199,29
2845,29	3084,38
2852,8	3431,8
2859,9	2955,9
2859,9	3192,9
2859,9	3194,9
2859,9	3193,9
2862,3	3513,3
2863,36	3618,36
2863,36	3650,36
2877,1	2970,1
2881,24	3554,24
2881,24	2984,24
2892,17	3156,14
2892,17	3163,17
2892,17	3229,14
2892,17	2933,17
2892,17	3632,17
2892,17	3266,17
2892,17	2989,9
2892,17	2943,17
2892,17	3002,14
2905,2	2906,2
2907,33	3387,33
2907,33	3031,33
2907,33	3214,60
2907,33	3139,33
2907,33	3230,33
2907,33	3135,33
2907,33	2979,33
2907,33	3138,33
2933,17	2989,9
2933,17	3163,17
2933,17	3156,14
2933,17	3229,14
2933,17	3632,17
2933,17	3266,17
2933,17	3002,14
2933,17	2943,17
2943,17	2989,9
2943,17	3163,17
2943,17	3632,17
2943,17	3002,14
2943,17	3156,14
2943,17	3266,17
2943,17	3229,14
2945,5	3494,5
2945,5	3495,5
2955,9	3194,9
2955,9	3193,9
2955,9	3192,9
2959,9	3428,9
2972,21	3252,21
2979,33	3135,33
2979,33	3387,33
2979,33	3138,33
2979,33	3031,33
2979,33	3214,60
2979,33	3139,33
2979,33	3230,33
2983,12	3611,12
2983,12	3563,12
2983,12	3418,12
2983,12	3663,12
2983,12	3537,12
2984,24	3554,24
2989,9	3163,17
2989,9	3632,17
2989,9	3266,17
3002,14	3229,14
3002,14	3266,17
3002,14	3632,17
3002,14	3156,14
3002,14	3163,17
3031,33	3138,33
3031,33	3214,60
3031,33	3135,33
3031,33	3230,33
3031,33	3387,33
3031,33	3139,33
3044,5	3224,5
3044,5	3569,5
3060,14	3186,14
3060,14	3664,23
3084,38	3199,29
3135,33	3214,60
3135,33	3139,33
3135,33	3138,33
3135,33	3230,33
3135,33	3387,33
3136,7	3492,7
3136,7	3545,7
3138,33	3214,60
3138,33	3230,33
3138,33	3387,33
3138,33	3139,33
3139,33	3214,60
3139,33	3387,33
3139,33	3230,33
3150,50	3369,17
3150,50	3384,50
3156,14	3163,17
3156,14	3266,17
3156,14	3229,14
3156,14	3632,17
3160,4	3188,4
3160,4	3187,4
3163,17	3266,17
3163,17	3229,14
3163,17	3632,17
3177,7	3179,7
3186,14	3664,23
3187,4	3188,4
3192,9	3193,9
3192,9	3194,9
3193,9	3194,9
3198,6	3399,6
3212,29	3214,60
3212,29	3215,29
3214,60	3387,33
3214,60	3230,33
3214,60	3215,29
3224,5	3569,5
3227,12	3538,12
3227,12	3599,12
3227,12	3562,12
3229,14	3266,17
3229,14	3632,17
3230,33	3387,33
3242,10	3638,10
3253,11	3561,11
3253,11	3395,11
3253,11	3338,11
3266,17	3632,17
3272,20	3512,20
3336,1	3477,1
3338,11	3561,11
3338,11	3395,11
3340,9	3605,9
3340,9	3487,9
3369,17	3384,50
3373,8	3656,8
3379,2	3380,2
3395,11	3561,11
3418,12	3537,12
3418,12	3563,12
3418,12	3611,12
3418,12	3663,12
3455,1	3456,1
3487,9	3605,9
3492,7	3545,7
3494,5	3495,5
3537,12	3663,12
3537,12	3563,12
3537,12	3611,12
3538,12	3562,12
3538,12	3599,12
3562,12	3599,12
3563,12	3663,12
3563,12	3611,12
3611,12	3663,12
3618,36	3650,36
